u^{0}c_{2,3,4,5,6,7,8,9,10}^*≡
u^{1}c_{2,3,4,5,6,7,8,9,10}^*≡
u^{0}c_{3,4,5,6,7,8,9,10}^*≡
u^{1}c_{3,4,5,6,7,8,9,10}^*≡
u^{2}c_{3,4,5,6,7,8,9,10}^*≡
u^{3}c_{3,4,5,6,7,8,9,10}^*≡
u^{0}c_{2,4,5,6,7,8,9,10}^*≡
u^{1}c_{2,4,5,6,7,8,9,10}^*≡
u^{2}c_{2,4,5,6,7,8,9,10}^*≡
u^{3}c_{2,4,5,6,7,8,9,10}^*≡
u^{4}c_{2,4,5,6,7,8,9,10}^*≡
u^{2}c_{4,5,6,7,8,9,10}^*≡
u^{3}c_{4,5,6,7,8,9,10}^*≡
u^{4}c_{4,5,6,7,8,9,10}^*≡
u^{5}c_{4,5,6,7,8,9,10}^*≡
u^{6}c_{4,5,6,7,8,9,10}^*≡
u^{1}c_{2,3,5,6,7,8,9,10}^*≡
u^{2}c_{2,3,5,6,7,8,9,10}^*≡
u^{3}c_{2,3,5,6,7,8,9,10}^*≡
u^{4}c_{2,3,5,6,7,8,9,10}^*≡
u^{5}c_{2,3,5,6,7,8,9,10}^*≡
u^{3}c_{3,5,6,7,8,9,10}^*≡
u^{4}c_{3,5,6,7,8,9,10}^*≡
u^{5}c_{3,5,6,7,8,9,10}^*≡
u^{6}c_{3,5,6,7,8,9,10}^*≡
u^{7}c_{3,5,6,7,8,9,10}^*≡
u^{4}c_{2,5,6,7,8,9,10}^*≡
u^{5}c_{2,5,6,7,8,9,10}^*≡
u^{6}c_{2,5,6,7,8,9,10}^*≡
u^{7}c_{2,5,6,7,8,9,10}^*≡
u^{8}c_{2,5,6,7,8,9,10}^*≡
u^{6}c_{5,6,7,8,9,10}^*≡
u^{7}c_{5,6,7,8,9,10}^*≡
u^{8}c_{5,6,7,8,9,10}^*≡
u^{9}c_{5,6,7,8,9,10}^*≡
u^{10}c_{5,6,7,8,9,10}^*≡
u^{2}c_{2,3,4,6,7,8,9,10}^*≡
u^{3}c_{2,3,4,6,7,8,9,10}^*≡
u^{4}c_{2,3,4,6,7,8,9,10}^*≡
u^{5}c_{2,3,4,6,7,8,9,10}^*≡
u^{6}c_{2,3,4,6,7,8,9,10}^*≡
u^{4}c_{3,4,6,7,8,9,10}^*≡
u^{5}c_{3,4,6,7,8,9,10}^*≡
u^{6}c_{3,4,6,7,8,9,10}^*≡
u^{7}c_{3,4,6,7,8,9,10}^*≡
u^{8}c_{3,4,6,7,8,9,10}^*≡
u^{5}c_{2,4,6,7,8,9,10}^*≡
u^{6}c_{2,4,6,7,8,9,10}^*≡
u^{7}c_{2,4,6,7,8,9,10}^*≡
u^{8}c_{2,4,6,7,8,9,10}^*≡
u^{9}c_{2,4,6,7,8,9,10}^*≡
u^{7}c_{4,6,7,8,9,10}^*≡
u^{8}c_{4,6,7,8,9,10}^*≡
u^{9}c_{4,6,7,8,9,10}^*≡
u^{10}c_{4,6,7,8,9,10}^*≡
u^{11}c_{4,6,7,8,9,10}^*≡
u^{6}c_{2,3,6,7,8,9,10}^*≡
u^{7}c_{2,3,6,7,8,9,10}^*≡
u^{8}c_{2,3,6,7,8,9,10}^*≡
u^{9}c_{2,3,6,7,8,9,10}^*≡
u^{10}c_{2,3,6,7,8,9,10}^*≡
u^{8}c_{3,6,7,8,9,10}^*≡
u^{9}c_{3,6,7,8,9,10}^*≡
u^{10}c_{3,6,7,8,9,10}^*≡
u^{11}c_{3,6,7,8,9,10}^*≡
u^{12}c_{3,6,7,8,9,10}^*≡
u^{9}c_{2,6,7,8,9,10}^*≡
u^{10}c_{2,6,7,8,9,10}^*≡
u^{11}c_{2,6,7,8,9,10}^*≡
u^{12}c_{2,6,7,8,9,10}^*≡
u^{13}c_{2,6,7,8,9,10}^*≡
u^{11}c_{6,7,8,9,10}^*≡
u^{12}c_{6,7,8,9,10}^*≡
u^{13}c_{6,7,8,9,10}^*≡
u^{14}c_{6,7,8,9,10}^*≡
u^{15}c_{6,7,8,9,10}^*≡
u^{3}c_{2,3,4,5,7,8,9,10}^*≡16v_1^4z_{1,2,3,4,5,6,7,8,9,10}
u^{4}c_{2,3,4,5,7,8,9,10}^*≡
u^{5}c_{2,3,4,5,7,8,9,10}^*≡
u^{6}c_{2,3,4,5,7,8,9,10}^*≡
u^{7}c_{2,3,4,5,7,8,9,10}^*≡
u^{5}c_{3,4,5,7,8,9,10}^*≡16v_1^4z_{1,2,3,4,5,6,7,8,9,10}
u^{6}c_{3,4,5,7,8,9,10}^*≡
u^{7}c_{3,4,5,7,8,9,10}^*≡
u^{8}c_{3,4,5,7,8,9,10}^*≡
u^{9}c_{3,4,5,7,8,9,10}^*≡
u^{6}c_{2,4,5,7,8,9,10}^*≡16v_1^3z_{2,3,4,5,6,7,8,9,10}
u^{7}c_{2,4,5,7,8,9,10}^*≡16v_1^3z_{1,2,3,4,5,6,7,8,9,10}
u^{8}c_{2,4,5,7,8,9,10}^*≡
u^{9}c_{2,4,5,7,8,9,10}^*≡
u^{10}c_{2,4,5,7,8,9,10}^*≡
u^{8}c_{4,5,7,8,9,10}^*≡
u^{9}c_{4,5,7,8,9,10}^*≡
u^{10}c_{4,5,7,8,9,10}^*≡
u^{11}c_{4,5,7,8,9,10}^*≡
u^{12}c_{4,5,7,8,9,10}^*≡
u^{7}c_{2,3,5,7,8,9,10}^*≡16v_1^4z_{1,2,3,4,5,6,7,8,9,10}
u^{8}c_{2,3,5,7,8,9,10}^*≡
u^{9}c_{2,3,5,7,8,9,10}^*≡
u^{10}c_{2,3,5,7,8,9,10}^*≡
u^{11}c_{2,3,5,7,8,9,10}^*≡
u^{9}c_{3,5,7,8,9,10}^*≡
u^{10}c_{3,5,7,8,9,10}^*≡
u^{11}c_{3,5,7,8,9,10}^*≡
u^{12}c_{3,5,7,8,9,10}^*≡
u^{13}c_{3,5,7,8,9,10}^*≡
u^{10}c_{2,5,7,8,9,10}^*≡16v_1^3z_{2,3,4,5,6,7,8,9,10}
u^{11}c_{2,5,7,8,9,10}^*≡16v_1^3z_{1,2,3,4,5,6,7,8,9,10}
u^{12}c_{2,5,7,8,9,10}^*≡
u^{13}c_{2,5,7,8,9,10}^*≡
u^{14}c_{2,5,7,8,9,10}^*≡
u^{12}c_{5,7,8,9,10}^*≡16v_1^3z_{2,3,4,5,6,7,8,9,10}
u^{13}c_{5,7,8,9,10}^*≡16v_1^3z_{1,2,3,4,5,6,7,8,9,10}
u^{14}c_{5,7,8,9,10}^*≡
u^{15}c_{5,7,8,9,10}^*≡
u^{16}c_{5,7,8,9,10}^*≡
u^{8}c_{2,3,4,7,8,9,10}^*≡
u^{9}c_{2,3,4,7,8,9,10}^*≡
u^{10}c_{2,3,4,7,8,9,10}^*≡
u^{11}c_{2,3,4,7,8,9,10}^*≡
u^{12}c_{2,3,4,7,8,9,10}^*≡
u^{10}c_{3,4,7,8,9,10}^*≡16v_1^3z_{2,3,4,5,6,7,8,9,10}
u^{11}c_{3,4,7,8,9,10}^*≡16v_1^3z_{1,2,3,4,5,6,7,8,9,10}
u^{12}c_{3,4,7,8,9,10}^*≡
u^{13}c_{3,4,7,8,9,10}^*≡
u^{14}c_{3,4,7,8,9,10}^*≡
u^{11}c_{2,4,7,8,9,10}^*≡
u^{12}c_{2,4,7,8,9,10}^*≡
u^{13}c_{2,4,7,8,9,10}^*≡
u^{14}c_{2,4,7,8,9,10}^*≡
u^{15}c_{2,4,7,8,9,10}^*≡
u^{13}c_{4,7,8,9,10}^*≡16v_1^2z_{1,3,4,5,6,7,8,9,10}+16v_1^4z_{1,2,3,4,5,6,7,8,9,10}
u^{14}c_{4,7,8,9,10}^*≡16v_1^2z_{2,3,4,5,6,7,8,9,10}
u^{15}c_{4,7,8,9,10}^*≡16v_1^2z_{1,2,3,4,5,6,7,8,9,10}
u^{16}c_{4,7,8,9,10}^*≡
u^{17}c_{4,7,8,9,10}^*≡
u^{12}c_{2,3,7,8,9,10}^*≡
u^{13}c_{2,3,7,8,9,10}^*≡
u^{14}c_{2,3,7,8,9,10}^*≡
u^{15}c_{2,3,7,8,9,10}^*≡
u^{16}c_{2,3,7,8,9,10}^*≡
u^{14}c_{3,7,8,9,10}^*≡
u^{15}c_{3,7,8,9,10}^*≡
u^{16}c_{3,7,8,9,10}^*≡
u^{17}c_{3,7,8,9,10}^*≡
u^{18}c_{3,7,8,9,10}^*≡
u^{15}c_{2,7,8,9,10}^*≡
u^{16}c_{2,7,8,9,10}^*≡
u^{17}c_{2,7,8,9,10}^*≡
u^{18}c_{2,7,8,9,10}^*≡
u^{19}c_{2,7,8,9,10}^*≡
u^{17}c_{7,8,9,10}^*≡
u^{18}c_{7,8,9,10}^*≡
u^{19}c_{7,8,9,10}^*≡
u^{20}c_{7,8,9,10}^*≡
u^{21}c_{7,8,9,10}^*≡
u^{4}c_{2,3,4,5,6,8,9,10}^*≡
u^{5}c_{2,3,4,5,6,8,9,10}^*≡
u^{6}c_{2,3,4,5,6,8,9,10}^*≡
u^{7}c_{2,3,4,5,6,8,9,10}^*≡
u^{8}c_{2,3,4,5,6,8,9,10}^*≡
u^{6}c_{3,4,5,6,8,9,10}^*≡16v_1^4z_{1,2,3,4,5,6,7,8,9,10}+16v_1^3z_{2,3,4,5,6,7,8,9,10}
u^{7}c_{3,4,5,6,8,9,10}^*≡16v_1^3z_{1,2,3,4,5,6,7,8,9,10}
u^{8}c_{3,4,5,6,8,9,10}^*≡
u^{9}c_{3,4,5,6,8,9,10}^*≡
u^{10}c_{3,4,5,6,8,9,10}^*≡
u^{7}c_{2,4,5,6,8,9,10}^*≡24v_1^4z_{1,2,3,4,5,6,7,8,9,10}
u^{8}c_{2,4,5,6,8,9,10}^*≡
u^{9}c_{2,4,5,6,8,9,10}^*≡
u^{10}c_{2,4,5,6,8,9,10}^*≡
u^{11}c_{2,4,5,6,8,9,10}^*≡
u^{9}c_{4,5,6,8,9,10}^*≡16v_1^4z_{1,2,3,4,5,6,7,8,9,10}
u^{10}c_{4,5,6,8,9,10}^*≡
u^{11}c_{4,5,6,8,9,10}^*≡
u^{12}c_{4,5,6,8,9,10}^*≡
u^{13}c_{4,5,6,8,9,10}^*≡
u^{8}c_{2,3,5,6,8,9,10}^*≡
u^{9}c_{2,3,5,6,8,9,10}^*≡
u^{10}c_{2,3,5,6,8,9,10}^*≡
u^{11}c_{2,3,5,6,8,9,10}^*≡
u^{12}c_{2,3,5,6,8,9,10}^*≡
u^{10}c_{3,5,6,8,9,10}^*≡16v_1^3z_{2,3,4,5,6,7,8,9,10}
u^{11}c_{3,5,6,8,9,10}^*≡16v_1^3z_{1,2,3,4,5,6,7,8,9,10}
u^{12}c_{3,5,6,8,9,10}^*≡
u^{13}c_{3,5,6,8,9,10}^*≡
u^{14}c_{3,5,6,8,9,10}^*≡
u^{11}c_{2,5,6,8,9,10}^*≡24v_1^4z_{1,2,3,4,5,6,7,8,9,10}
u^{12}c_{2,5,6,8,9,10}^*≡
u^{13}c_{2,5,6,8,9,10}^*≡
u^{14}c_{2,5,6,8,9,10}^*≡
u^{15}c_{2,5,6,8,9,10}^*≡
u^{13}c_{5,6,8,9,10}^*≡24v_1^4z_{1,2,3,4,5,6,7,8,9,10}+16v_1^3z_{2,3,4,5,6,7,8,9,10}
u^{14}c_{5,6,8,9,10}^*≡16v_1^3z_{1,2,3,4,5,6,7,8,9,10}
u^{15}c_{5,6,8,9,10}^*≡
u^{16}c_{5,6,8,9,10}^*≡
u^{17}c_{5,6,8,9,10}^*≡
u^{9}c_{2,3,4,6,8,9,10}^*≡16v_1^4z_{1,2,3,4,5,6,7,8,9,10}
u^{10}c_{2,3,4,6,8,9,10}^*≡
u^{11}c_{2,3,4,6,8,9,10}^*≡
u^{12}c_{2,3,4,6,8,9,10}^*≡
u^{13}c_{2,3,4,6,8,9,10}^*≡
u^{11}c_{3,4,6,8,9,10}^*≡24v_1^4z_{1,2,3,4,5,6,7,8,9,10}
u^{12}c_{3,4,6,8,9,10}^*≡
u^{13}c_{3,4,6,8,9,10}^*≡
u^{14}c_{3,4,6,8,9,10}^*≡
u^{15}c_{3,4,6,8,9,10}^*≡
u^{12}c_{2,4,6,8,9,10}^*≡16v_1^3z_{2,3,4,5,6,7,8,9,10}
u^{13}c_{2,4,6,8,9,10}^*≡16v_1^3z_{1,2,3,4,5,6,7,8,9,10}
u^{14}c_{2,4,6,8,9,10}^*≡
u^{15}c_{2,4,6,8,9,10}^*≡
u^{16}c_{2,4,6,8,9,10}^*≡
u^{14}c_{4,6,8,9,10}^*≡8v_1^3z_{2,3,4,5,6,7,8,9,10}
u^{15}c_{4,6,8,9,10}^*≡24v_1^3z_{1,2,3,4,5,6,7,8,9,10}
u^{16}c_{4,6,8,9,10}^*≡
u^{17}c_{4,6,8,9,10}^*≡
u^{18}c_{4,6,8,9,10}^*≡
u^{13}c_{2,3,6,8,9,10}^*≡16v_1^4z_{1,2,3,4,5,6,7,8,9,10}
u^{14}c_{2,3,6,8,9,10}^*≡
u^{15}c_{2,3,6,8,9,10}^*≡
u^{16}c_{2,3,6,8,9,10}^*≡
u^{17}c_{2,3,6,8,9,10}^*≡
u^{15}c_{3,6,8,9,10}^*≡16v_1^4z_{1,2,3,4,5,6,7,8,9,10}
u^{16}c_{3,6,8,9,10}^*≡
u^{17}c_{3,6,8,9,10}^*≡
u^{18}c_{3,6,8,9,10}^*≡
u^{19}c_{3,6,8,9,10}^*≡
u^{16}c_{2,6,8,9,10}^*≡
u^{17}c_{2,6,8,9,10}^*≡
u^{18}c_{2,6,8,9,10}^*≡
u^{19}c_{2,6,8,9,10}^*≡
u^{20}c_{2,6,8,9,10}^*≡
u^{18}c_{6,8,9,10}^*≡16v_1^3z_{2,3,4,5,6,7,8,9,10}
u^{19}c_{6,8,9,10}^*≡16v_1^3z_{1,2,3,4,5,6,7,8,9,10}
u^{20}c_{6,8,9,10}^*≡
u^{21}c_{6,8,9,10}^*≡
u^{22}c_{6,8,9,10}^*≡
u^{10}c_{2,3,4,5,8,9,10}^*≡16v_1^4z_{1,2,3,4,5,6,7,8,9,10}
u^{11}c_{2,3,4,5,8,9,10}^*≡
u^{12}c_{2,3,4,5,8,9,10}^*≡
u^{13}c_{2,3,4,5,8,9,10}^*≡
u^{14}c_{2,3,4,5,8,9,10}^*≡
u^{12}c_{3,4,5,8,9,10}^*≡16v_1^3z_{2,3,4,5,6,7,8,9,10}
u^{13}c_{3,4,5,8,9,10}^*≡16v_1^3z_{1,2,3,4,5,6,7,8,9,10}
u^{14}c_{3,4,5,8,9,10}^*≡
u^{15}c_{3,4,5,8,9,10}^*≡
u^{16}c_{3,4,5,8,9,10}^*≡
u^{13}c_{2,4,5,8,9,10}^*≡24v_1^4z_{1,2,3,4,5,6,7,8,9,10}+16v_1^3z_{2,3,4,5,6,7,8,9,10}
u^{14}c_{2,4,5,8,9,10}^*≡16v_1^3z_{1,2,3,4,5,6,7,8,9,10}
u^{15}c_{2,4,5,8,9,10}^*≡
u^{16}c_{2,4,5,8,9,10}^*≡
u^{17}c_{2,4,5,8,9,10}^*≡
u^{15}c_{4,5,8,9,10}^*≡
u^{16}c_{4,5,8,9,10}^*≡
u^{17}c_{4,5,8,9,10}^*≡
u^{18}c_{4,5,8,9,10}^*≡
u^{19}c_{4,5,8,9,10}^*≡
u^{14}c_{2,3,5,8,9,10}^*≡
u^{15}c_{2,3,5,8,9,10}^*≡
u^{16}c_{2,3,5,8,9,10}^*≡
u^{17}c_{2,3,5,8,9,10}^*≡
u^{18}c_{2,3,5,8,9,10}^*≡
u^{16}c_{3,5,8,9,10}^*≡
u^{17}c_{3,5,8,9,10}^*≡
u^{18}c_{3,5,8,9,10}^*≡
u^{19}c_{3,5,8,9,10}^*≡
u^{20}c_{3,5,8,9,10}^*≡
u^{17}c_{2,5,8,9,10}^*≡16v_1^4z_{1,2,3,4,5,6,7,8,9,10}
u^{18}c_{2,5,8,9,10}^*≡
u^{19}c_{2,5,8,9,10}^*≡
u^{20}c_{2,5,8,9,10}^*≡
u^{21}c_{2,5,8,9,10}^*≡
u^{19}c_{5,8,9,10}^*≡
u^{20}c_{5,8,9,10}^*≡
u^{21}c_{5,8,9,10}^*≡
u^{22}c_{5,8,9,10}^*≡
u^{23}c_{5,8,9,10}^*≡
u^{15}c_{2,3,4,8,9,10}^*≡16v_1^4z_{1,2,3,4,5,6,7,8,9,10}
u^{16}c_{2,3,4,8,9,10}^*≡
u^{17}c_{2,3,4,8,9,10}^*≡
u^{18}c_{2,3,4,8,9,10}^*≡
u^{19}c_{2,3,4,8,9,10}^*≡
u^{17}c_{3,4,8,9,10}^*≡16v_1^4z_{1,2,3,4,5,6,7,8,9,10}
u^{18}c_{3,4,8,9,10}^*≡
u^{19}c_{3,4,8,9,10}^*≡
u^{20}c_{3,4,8,9,10}^*≡
u^{21}c_{3,4,8,9,10}^*≡
u^{18}c_{2,4,8,9,10}^*≡
u^{19}c_{2,4,8,9,10}^*≡
u^{20}c_{2,4,8,9,10}^*≡
u^{21}c_{2,4,8,9,10}^*≡
u^{22}c_{2,4,8,9,10}^*≡
u^{20}c_{4,8,9,10}^*≡16v_1^3z_{2,3,4,5,6,7,8,9,10}
u^{21}c_{4,8,9,10}^*≡16v_1^3z_{1,2,3,4,5,6,7,8,9,10}
u^{22}c_{4,8,9,10}^*≡
u^{23}c_{4,8,9,10}^*≡
u^{24}c_{4,8,9,10}^*≡
u^{19}c_{2,3,8,9,10}^*≡16v_1^4z_{1,2,3,4,5,6,7,8,9,10}
u^{20}c_{2,3,8,9,10}^*≡
u^{21}c_{2,3,8,9,10}^*≡
u^{22}c_{2,3,8,9,10}^*≡
u^{23}c_{2,3,8,9,10}^*≡
u^{21}c_{3,8,9,10}^*≡
u^{22}c_{3,8,9,10}^*≡
u^{23}c_{3,8,9,10}^*≡
u^{24}c_{3,8,9,10}^*≡
u^{25}c_{3,8,9,10}^*≡
u^{22}c_{2,8,9,10}^*≡16v_1^3z_{2,3,4,5,6,7,8,9,10}
u^{23}c_{2,8,9,10}^*≡16v_1^3z_{1,2,3,4,5,6,7,8,9,10}
u^{24}c_{2,8,9,10}^*≡
u^{25}c_{2,8,9,10}^*≡
u^{26}c_{2,8,9,10}^*≡
u^{24}c_{8,9,10}^*≡16v_1^3z_{2,3,4,5,6,7,8,9,10}
u^{25}c_{8,9,10}^*≡16v_1^3z_{1,2,3,4,5,6,7,8,9,10}
u^{26}c_{8,9,10}^*≡
u^{27}c_{8,9,10}^*≡
u^{28}c_{8,9,10}^*≡
u^{5}c_{2,3,4,5,6,7,9,10}^*≡16v_1^4z_{1,2,3,4,5,6,7,8,9,10}
u^{6}c_{2,3,4,5,6,7,9,10}^*≡
u^{7}c_{2,3,4,5,6,7,9,10}^*≡
u^{8}c_{2,3,4,5,6,7,9,10}^*≡
u^{9}c_{2,3,4,5,6,7,9,10}^*≡
u^{7}c_{3,4,5,6,7,9,10}^*≡24v_1^4z_{1,2,3,4,5,6,7,8,9,10}
u^{8}c_{3,4,5,6,7,9,10}^*≡
u^{9}c_{3,4,5,6,7,9,10}^*≡
u^{10}c_{3,4,5,6,7,9,10}^*≡
u^{11}c_{3,4,5,6,7,9,10}^*≡
u^{8}c_{2,4,5,6,7,9,10}^*≡
u^{9}c_{2,4,5,6,7,9,10}^*≡
u^{10}c_{2,4,5,6,7,9,10}^*≡
u^{11}c_{2,4,5,6,7,9,10}^*≡
u^{12}c_{2,4,5,6,7,9,10}^*≡
u^{10}c_{4,5,6,7,9,10}^*≡16v_1^4z_{1,2,3,4,5,6,7,8,9,10}
u^{11}c_{4,5,6,7,9,10}^*≡
u^{12}c_{4,5,6,7,9,10}^*≡
u^{13}c_{4,5,6,7,9,10}^*≡
u^{14}c_{4,5,6,7,9,10}^*≡
u^{9}c_{2,3,5,6,7,9,10}^*≡16v_1^4z_{1,2,3,4,5,6,7,8,9,10}
u^{10}c_{2,3,5,6,7,9,10}^*≡
u^{11}c_{2,3,5,6,7,9,10}^*≡
u^{12}c_{2,3,5,6,7,9,10}^*≡
u^{13}c_{2,3,5,6,7,9,10}^*≡
u^{11}c_{3,5,6,7,9,10}^*≡8v_1^4z_{1,2,3,4,5,6,7,8,9,10}
u^{12}c_{3,5,6,7,9,10}^*≡
u^{13}c_{3,5,6,7,9,10}^*≡
u^{14}c_{3,5,6,7,9,10}^*≡
u^{15}c_{3,5,6,7,9,10}^*≡
u^{12}c_{2,5,6,7,9,10}^*≡16v_1^4z_{1,2,3,4,5,6,7,8,9,10}
u^{13}c_{2,5,6,7,9,10}^*≡
u^{14}c_{2,5,6,7,9,10}^*≡
u^{15}c_{2,5,6,7,9,10}^*≡
u^{16}c_{2,5,6,7,9,10}^*≡
u^{14}c_{5,6,7,9,10}^*≡24v_1^4z_{1,2,3,4,5,6,7,8,9,10}
u^{15}c_{5,6,7,9,10}^*≡
u^{16}c_{5,6,7,9,10}^*≡
u^{17}c_{5,6,7,9,10}^*≡
u^{18}c_{5,6,7,9,10}^*≡
u^{10}c_{2,3,4,6,7,9,10}^*≡16v_1^4z_{1,2,3,4,5,6,7,8,9,10}+16v_1^3z_{2,3,4,5,6,7,8,9,10}
u^{11}c_{2,3,4,6,7,9,10}^*≡16v_1^3z_{1,2,3,4,5,6,7,8,9,10}
u^{12}c_{2,3,4,6,7,9,10}^*≡
u^{13}c_{2,3,4,6,7,9,10}^*≡
u^{14}c_{2,3,4,6,7,9,10}^*≡
u^{12}c_{3,4,6,7,9,10}^*≡16v_1^4z_{1,2,3,4,5,6,7,8,9,10}+16v_1^3z_{2,3,4,5,6,7,8,9,10}
u^{13}c_{3,4,6,7,9,10}^*≡16v_1^3z_{1,2,3,4,5,6,7,8,9,10}
u^{14}c_{3,4,6,7,9,10}^*≡
u^{15}c_{3,4,6,7,9,10}^*≡
u^{16}c_{3,4,6,7,9,10}^*≡
u^{13}c_{2,4,6,7,9,10}^*≡16v_1^2z_{1,3,4,5,6,7,8,9,10}+24v_1^4z_{1,2,3,4,5,6,7,8,9,10}+16v_1^3z_{2,3,4,5,6,7,8,9,10}
u^{14}c_{2,4,6,7,9,10}^*≡16v_1^2z_{2,3,4,5,6,7,8,9,10}+16v_1^3z_{1,2,3,4,5,6,7,8,9,10}
u^{15}c_{2,4,6,7,9,10}^*≡16v_1^2z_{1,2,3,4,5,6,7,8,9,10}
u^{16}c_{2,4,6,7,9,10}^*≡
u^{17}c_{2,4,6,7,9,10}^*≡
u^{15}c_{4,6,7,9,10}^*≡20v_1^4z_{1,2,3,4,5,6,7,8,9,10}+16v_1v_2z_{1,2,3,4,5,6,7,8,9,10}+16v_1z_{1,2,4,5,6,7,8,9,10}
u^{16}c_{4,6,7,9,10}^*≡
u^{17}c_{4,6,7,9,10}^*≡
u^{18}c_{4,6,7,9,10}^*≡
u^{19}c_{4,6,7,9,10}^*≡
u^{14}c_{2,3,6,7,9,10}^*≡16v_1^4z_{1,2,3,4,5,6,7,8,9,10}+16v_1^3z_{2,3,4,5,6,7,8,9,10}
u^{15}c_{2,3,6,7,9,10}^*≡16v_1^3z_{1,2,3,4,5,6,7,8,9,10}
u^{16}c_{2,3,6,7,9,10}^*≡
u^{17}c_{2,3,6,7,9,10}^*≡
u^{18}c_{2,3,6,7,9,10}^*≡
u^{16}c_{3,6,7,9,10}^*≡
u^{17}c_{3,6,7,9,10}^*≡
u^{18}c_{3,6,7,9,10}^*≡
u^{19}c_{3,6,7,9,10}^*≡
u^{20}c_{3,6,7,9,10}^*≡
u^{17}c_{2,6,7,9,10}^*≡16v_1^4z_{1,2,3,4,5,6,7,8,9,10}
u^{18}c_{2,6,7,9,10}^*≡
u^{19}c_{2,6,7,9,10}^*≡
u^{20}c_{2,6,7,9,10}^*≡
u^{21}c_{2,6,7,9,10}^*≡
u^{19}c_{6,7,9,10}^*≡8v_1^4z_{1,2,3,4,5,6,7,8,9,10}
u^{20}c_{6,7,9,10}^*≡
u^{21}c_{6,7,9,10}^*≡
u^{22}c_{6,7,9,10}^*≡
u^{23}c_{6,7,9,10}^*≡
u^{11}c_{2,3,4,5,7,9,10}^*≡8v_1^4z_{1,2,3,4,5,6,7,8,9,10}
u^{12}c_{2,3,4,5,7,9,10}^*≡
u^{13}c_{2,3,4,5,7,9,10}^*≡
u^{14}c_{2,3,4,5,7,9,10}^*≡
u^{15}c_{2,3,4,5,7,9,10}^*≡
u^{13}c_{3,4,5,7,9,10}^*≡16v_1^2z_{1,3,4,5,6,7,8,9,10}
u^{14}c_{3,4,5,7,9,10}^*≡16v_1^2z_{2,3,4,5,6,7,8,9,10}
u^{15}c_{3,4,5,7,9,10}^*≡16v_1^2z_{1,2,3,4,5,6,7,8,9,10}
u^{16}c_{3,4,5,7,9,10}^*≡
u^{17}c_{3,4,5,7,9,10}^*≡
u^{14}c_{2,4,5,7,9,10}^*≡8v_1^4z_{1,2,3,4,5,6,7,8,9,10}+8v_1^3z_{2,3,4,5,6,7,8,9,10}
u^{15}c_{2,4,5,7,9,10}^*≡24v_1^3z_{1,2,3,4,5,6,7,8,9,10}
u^{16}c_{2,4,5,7,9,10}^*≡
u^{17}c_{2,4,5,7,9,10}^*≡
u^{18}c_{2,4,5,7,9,10}^*≡
u^{16}c_{4,5,7,9,10}^*≡
u^{17}c_{4,5,7,9,10}^*≡
u^{18}c_{4,5,7,9,10}^*≡
u^{19}c_{4,5,7,9,10}^*≡
u^{20}c_{4,5,7,9,10}^*≡
u^{15}c_{2,3,5,7,9,10}^*≡
u^{16}c_{2,3,5,7,9,10}^*≡
u^{17}c_{2,3,5,7,9,10}^*≡
u^{18}c_{2,3,5,7,9,10}^*≡
u^{19}c_{2,3,5,7,9,10}^*≡
u^{17}c_{3,5,7,9,10}^*≡16v_1^4z_{1,2,3,4,5,6,7,8,9,10}
u^{18}c_{3,5,7,9,10}^*≡
u^{19}c_{3,5,7,9,10}^*≡
u^{20}c_{3,5,7,9,10}^*≡
u^{21}c_{3,5,7,9,10}^*≡
u^{18}c_{2,5,7,9,10}^*≡16v_1^4z_{1,2,3,4,5,6,7,8,9,10}+16v_1^3z_{2,3,4,5,6,7,8,9,10}
u^{19}c_{2,5,7,9,10}^*≡16v_1^3z_{1,2,3,4,5,6,7,8,9,10}
u^{20}c_{2,5,7,9,10}^*≡
u^{21}c_{2,5,7,9,10}^*≡
u^{22}c_{2,5,7,9,10}^*≡
u^{20}c_{5,7,9,10}^*≡16v_1^3z_{2,3,4,5,6,7,8,9,10}
u^{21}c_{5,7,9,10}^*≡16v_1^3z_{1,2,3,4,5,6,7,8,9,10}
u^{22}c_{5,7,9,10}^*≡
u^{23}c_{5,7,9,10}^*≡
u^{24}c_{5,7,9,10}^*≡
u^{16}c_{2,3,4,7,9,10}^*≡
u^{17}c_{2,3,4,7,9,10}^*≡
u^{18}c_{2,3,4,7,9,10}^*≡
u^{19}c_{2,3,4,7,9,10}^*≡
u^{20}c_{2,3,4,7,9,10}^*≡
u^{18}c_{3,4,7,9,10}^*≡16v_1^4z_{1,2,3,4,5,6,7,8,9,10}+16v_1^3z_{2,3,4,5,6,7,8,9,10}
u^{19}c_{3,4,7,9,10}^*≡16v_1^3z_{1,2,3,4,5,6,7,8,9,10}
u^{20}c_{3,4,7,9,10}^*≡
u^{21}c_{3,4,7,9,10}^*≡
u^{22}c_{3,4,7,9,10}^*≡
u^{19}c_{2,4,7,9,10}^*≡
u^{20}c_{2,4,7,9,10}^*≡
u^{21}c_{2,4,7,9,10}^*≡
u^{22}c_{2,4,7,9,10}^*≡
u^{23}c_{2,4,7,9,10}^*≡
u^{21}c_{4,7,9,10}^*≡16v_1^2z_{1,3,4,5,6,7,8,9,10}+24v_1^4z_{1,2,3,4,5,6,7,8,9,10}+16v_1^3z_{2,3,4,5,6,7,8,9,10}
u^{22}c_{4,7,9,10}^*≡16v_1^2z_{2,3,4,5,6,7,8,9,10}+16v_1^3z_{1,2,3,4,5,6,7,8,9,10}
u^{23}c_{4,7,9,10}^*≡16v_1^2z_{1,2,3,4,5,6,7,8,9,10}
u^{24}c_{4,7,9,10}^*≡
u^{25}c_{4,7,9,10}^*≡
u^{20}c_{2,3,7,9,10}^*≡
u^{21}c_{2,3,7,9,10}^*≡
u^{22}c_{2,3,7,9,10}^*≡
u^{23}c_{2,3,7,9,10}^*≡
u^{24}c_{2,3,7,9,10}^*≡
u^{22}c_{3,7,9,10}^*≡
u^{23}c_{3,7,9,10}^*≡
u^{24}c_{3,7,9,10}^*≡
u^{25}c_{3,7,9,10}^*≡
u^{26}c_{3,7,9,10}^*≡
u^{23}c_{2,7,9,10}^*≡24v_1^4z_{1,2,3,4,5,6,7,8,9,10}
u^{24}c_{2,7,9,10}^*≡
u^{25}c_{2,7,9,10}^*≡
u^{26}c_{2,7,9,10}^*≡
u^{27}c_{2,7,9,10}^*≡
u^{25}c_{7,9,10}^*≡16v_1^2z_{1,3,4,5,6,7,8,9,10}+24v_1^4z_{1,2,3,4,5,6,7,8,9,10}+16v_1^3z_{2,3,4,5,6,7,8,9,10}
u^{26}c_{7,9,10}^*≡16v_1^2z_{2,3,4,5,6,7,8,9,10}+16v_1^3z_{1,2,3,4,5,6,7,8,9,10}
u^{27}c_{7,9,10}^*≡16v_1^2z_{1,2,3,4,5,6,7,8,9,10}
u^{28}c_{7,9,10}^*≡
u^{29}c_{7,9,10}^*≡
u^{12}c_{2,3,4,5,6,9,10}^*≡16v_1^4z_{1,2,3,4,5,6,7,8,9,10}+16v_1^3z_{2,3,4,5,6,7,8,9,10}
u^{13}c_{2,3,4,5,6,9,10}^*≡16v_1^3z_{1,2,3,4,5,6,7,8,9,10}
u^{14}c_{2,3,4,5,6,9,10}^*≡
u^{15}c_{2,3,4,5,6,9,10}^*≡
u^{16}c_{2,3,4,5,6,9,10}^*≡
u^{14}c_{3,4,5,6,9,10}^*≡24v_1^4z_{1,2,3,4,5,6,7,8,9,10}+8v_1^3z_{2,3,4,5,6,7,8,9,10}
u^{15}c_{3,4,5,6,9,10}^*≡24v_1^3z_{1,2,3,4,5,6,7,8,9,10}
u^{16}c_{3,4,5,6,9,10}^*≡
u^{17}c_{3,4,5,6,9,10}^*≡
u^{18}c_{3,4,5,6,9,10}^*≡
u^{15}c_{2,4,5,6,9,10}^*≡4v_1^4z_{1,2,3,4,5,6,7,8,9,10}+16v_1v_2z_{1,2,3,4,5,6,7,8,9,10}
u^{16}c_{2,4,5,6,9,10}^*≡
u^{17}c_{2,4,5,6,9,10}^*≡
u^{18}c_{2,4,5,6,9,10}^*≡
u^{19}c_{2,4,5,6,9,10}^*≡
u^{17}c_{4,5,6,9,10}^*≡16v_1^4z_{1,2,3,4,5,6,7,8,9,10}
u^{18}c_{4,5,6,9,10}^*≡
u^{19}c_{4,5,6,9,10}^*≡
u^{20}c_{4,5,6,9,10}^*≡
u^{21}c_{4,5,6,9,10}^*≡
u^{16}c_{2,3,5,6,9,10}^*≡
u^{17}c_{2,3,5,6,9,10}^*≡
u^{18}c_{2,3,5,6,9,10}^*≡
u^{19}c_{2,3,5,6,9,10}^*≡
u^{20}c_{2,3,5,6,9,10}^*≡
u^{18}c_{3,5,6,9,10}^*≡16v_1^3z_{2,3,4,5,6,7,8,9,10}
u^{19}c_{3,5,6,9,10}^*≡16v_1^3z_{1,2,3,4,5,6,7,8,9,10}
u^{20}c_{3,5,6,9,10}^*≡
u^{21}c_{3,5,6,9,10}^*≡
u^{22}c_{3,5,6,9,10}^*≡
u^{19}c_{2,5,6,9,10}^*≡24v_1^4z_{1,2,3,4,5,6,7,8,9,10}
u^{20}c_{2,5,6,9,10}^*≡
u^{21}c_{2,5,6,9,10}^*≡
u^{22}c_{2,5,6,9,10}^*≡
u^{23}c_{2,5,6,9,10}^*≡
u^{21}c_{5,6,9,10}^*≡8v_1^4z_{1,2,3,4,5,6,7,8,9,10}+16v_1^3z_{2,3,4,5,6,7,8,9,10}
u^{22}c_{5,6,9,10}^*≡16v_1^3z_{1,2,3,4,5,6,7,8,9,10}
u^{23}c_{5,6,9,10}^*≡
u^{24}c_{5,6,9,10}^*≡
u^{25}c_{5,6,9,10}^*≡
u^{17}c_{2,3,4,6,9,10}^*≡16v_1^4z_{1,2,3,4,5,6,7,8,9,10}
u^{18}c_{2,3,4,6,9,10}^*≡
u^{19}c_{2,3,4,6,9,10}^*≡
u^{20}c_{2,3,4,6,9,10}^*≡
u^{21}c_{2,3,4,6,9,10}^*≡
u^{19}c_{3,4,6,9,10}^*≡24v_1^4z_{1,2,3,4,5,6,7,8,9,10}
u^{20}c_{3,4,6,9,10}^*≡
u^{21}c_{3,4,6,9,10}^*≡
u^{22}c_{3,4,6,9,10}^*≡
u^{23}c_{3,4,6,9,10}^*≡
u^{20}c_{2,4,6,9,10}^*≡16v_1^3z_{2,3,4,5,6,7,8,9,10}
u^{21}c_{2,4,6,9,10}^*≡16v_1^3z_{1,2,3,4,5,6,7,8,9,10}
u^{22}c_{2,4,6,9,10}^*≡
u^{23}c_{2,4,6,9,10}^*≡
u^{24}c_{2,4,6,9,10}^*≡
u^{22}c_{4,6,9,10}^*≡24v_1^3z_{2,3,4,5,6,7,8,9,10}
u^{23}c_{4,6,9,10}^*≡8v_1^3z_{1,2,3,4,5,6,7,8,9,10}
u^{24}c_{4,6,9,10}^*≡
u^{25}c_{4,6,9,10}^*≡
u^{26}c_{4,6,9,10}^*≡
u^{21}c_{2,3,6,9,10}^*≡
u^{22}c_{2,3,6,9,10}^*≡
u^{23}c_{2,3,6,9,10}^*≡
u^{24}c_{2,3,6,9,10}^*≡
u^{25}c_{2,3,6,9,10}^*≡
u^{23}c_{3,6,9,10}^*≡24v_1^4z_{1,2,3,4,5,6,7,8,9,10}
u^{24}c_{3,6,9,10}^*≡
u^{25}c_{3,6,9,10}^*≡
u^{26}c_{3,6,9,10}^*≡
u^{27}c_{3,6,9,10}^*≡
u^{24}c_{2,6,9,10}^*≡16v_1^3z_{2,3,4,5,6,7,8,9,10}
u^{25}c_{2,6,9,10}^*≡16v_1^3z_{1,2,3,4,5,6,7,8,9,10}
u^{26}c_{2,6,9,10}^*≡
u^{27}c_{2,6,9,10}^*≡
u^{28}c_{2,6,9,10}^*≡
u^{26}c_{6,9,10}^*≡24v_1^3z_{2,3,4,5,6,7,8,9,10}
u^{27}c_{6,9,10}^*≡8v_1^3z_{1,2,3,4,5,6,7,8,9,10}
u^{28}c_{6,9,10}^*≡
u^{29}c_{6,9,10}^*≡
u^{30}c_{6,9,10}^*≡
u^{18}c_{2,3,4,5,9,10}^*≡16v_1^4z_{1,2,3,4,5,6,7,8,9,10}
u^{19}c_{2,3,4,5,9,10}^*≡
u^{20}c_{2,3,4,5,9,10}^*≡
u^{21}c_{2,3,4,5,9,10}^*≡
u^{22}c_{2,3,4,5,9,10}^*≡
u^{20}c_{3,4,5,9,10}^*≡16v_1^3z_{2,3,4,5,6,7,8,9,10}
u^{21}c_{3,4,5,9,10}^*≡16v_1^3z_{1,2,3,4,5,6,7,8,9,10}
u^{22}c_{3,4,5,9,10}^*≡
u^{23}c_{3,4,5,9,10}^*≡
u^{24}c_{3,4,5,9,10}^*≡
u^{21}c_{2,4,5,9,10}^*≡8v_1^4z_{1,2,3,4,5,6,7,8,9,10}+16v_1^3z_{2,3,4,5,6,7,8,9,10}
u^{22}c_{2,4,5,9,10}^*≡16v_1^3z_{1,2,3,4,5,6,7,8,9,10}
u^{23}c_{2,4,5,9,10}^*≡
u^{24}c_{2,4,5,9,10}^*≡
u^{25}c_{2,4,5,9,10}^*≡
u^{23}c_{4,5,9,10}^*≡8v_1^4z_{1,2,3,4,5,6,7,8,9,10}
u^{24}c_{4,5,9,10}^*≡
u^{25}c_{4,5,9,10}^*≡
u^{26}c_{4,5,9,10}^*≡
u^{27}c_{4,5,9,10}^*≡
u^{22}c_{2,3,5,9,10}^*≡16v_1^4z_{1,2,3,4,5,6,7,8,9,10}
u^{23}c_{2,3,5,9,10}^*≡
u^{24}c_{2,3,5,9,10}^*≡
u^{25}c_{2,3,5,9,10}^*≡
u^{26}c_{2,3,5,9,10}^*≡
u^{24}c_{3,5,9,10}^*≡16v_1^3z_{2,3,4,5,6,7,8,9,10}
u^{25}c_{3,5,9,10}^*≡16v_1^3z_{1,2,3,4,5,6,7,8,9,10}
u^{26}c_{3,5,9,10}^*≡
u^{27}c_{3,5,9,10}^*≡
u^{28}c_{3,5,9,10}^*≡
u^{25}c_{2,5,9,10}^*≡24v_1^4z_{1,2,3,4,5,6,7,8,9,10}+16v_1^3z_{2,3,4,5,6,7,8,9,10}
u^{26}c_{2,5,9,10}^*≡16v_1^3z_{1,2,3,4,5,6,7,8,9,10}
u^{27}c_{2,5,9,10}^*≡
u^{28}c_{2,5,9,10}^*≡
u^{29}c_{2,5,9,10}^*≡
u^{27}c_{5,9,10}^*≡8v_1^4z_{1,2,3,4,5,6,7,8,9,10}
u^{28}c_{5,9,10}^*≡
u^{29}c_{5,9,10}^*≡
u^{30}c_{5,9,10}^*≡
u^{31}c_{5,9,10}^*≡
u^{23}c_{2,3,4,9,10}^*≡16v_1^4z_{1,2,3,4,5,6,7,8,9,10}
u^{24}c_{2,3,4,9,10}^*≡
u^{25}c_{2,3,4,9,10}^*≡
u^{26}c_{2,3,4,9,10}^*≡
u^{27}c_{2,3,4,9,10}^*≡
u^{25}c_{3,4,9,10}^*≡24v_1^4z_{1,2,3,4,5,6,7,8,9,10}+16v_1^3z_{2,3,4,5,6,7,8,9,10}
u^{26}c_{3,4,9,10}^*≡16v_1^3z_{1,2,3,4,5,6,7,8,9,10}
u^{27}c_{3,4,9,10}^*≡
u^{28}c_{3,4,9,10}^*≡
u^{29}c_{3,4,9,10}^*≡
u^{26}c_{2,4,9,10}^*≡16v_1^3z_{2,3,4,5,6,7,8,9,10}
u^{27}c_{2,4,9,10}^*≡16v_1^3z_{1,2,3,4,5,6,7,8,9,10}
u^{28}c_{2,4,9,10}^*≡
u^{29}c_{2,4,9,10}^*≡
u^{30}c_{2,4,9,10}^*≡
u^{28}c_{4,9,10}^*≡16v_1^2z_{1,3,4,5,6,7,8,9,10}+8v_1^3z_{2,3,4,5,6,7,8,9,10}
u^{29}c_{4,9,10}^*≡16v_1^2z_{2,3,4,5,6,7,8,9,10}+24v_1^3z_{1,2,3,4,5,6,7,8,9,10}
u^{30}c_{4,9,10}^*≡16v_1^2z_{1,2,3,4,5,6,7,8,9,10}
u^{31}c_{4,9,10}^*≡
u^{32}c_{4,9,10}^*≡
u^{27}c_{2,3,9,10}^*≡8v_1^4z_{1,2,3,4,5,6,7,8,9,10}
u^{28}c_{2,3,9,10}^*≡
u^{29}c_{2,3,9,10}^*≡
u^{30}c_{2,3,9,10}^*≡
u^{31}c_{2,3,9,10}^*≡
u^{29}c_{3,9,10}^*≡16v_1^2z_{1,3,4,5,6,7,8,9,10}+24v_1^4z_{1,2,3,4,5,6,7,8,9,10}+16v_1^3z_{2,3,4,5,6,7,8,9,10}
u^{30}c_{3,9,10}^*≡16v_1^2z_{2,3,4,5,6,7,8,9,10}+16v_1^3z_{1,2,3,4,5,6,7,8,9,10}
u^{31}c_{3,9,10}^*≡16v_1^2z_{1,2,3,4,5,6,7,8,9,10}
u^{32}c_{3,9,10}^*≡
u^{33}c_{3,9,10}^*≡
u^{30}c_{2,9,10}^*≡24v_1^3z_{2,3,4,5,6,7,8,9,10}
u^{31}c_{2,9,10}^*≡8v_1^3z_{1,2,3,4,5,6,7,8,9,10}
u^{32}c_{2,9,10}^*≡
u^{33}c_{2,9,10}^*≡
u^{34}c_{2,9,10}^*≡
u^{32}c_{9,10}^*≡
u^{33}c_{9,10}^*≡
u^{34}c_{9,10}^*≡
u^{35}c_{9,10}^*≡
u^{36}c_{9,10}^*≡
u^{6}c_{2,3,4,5,6,7,8,10}^*≡
u^{7}c_{2,3,4,5,6,7,8,10}^*≡
u^{8}c_{2,3,4,5,6,7,8,10}^*≡
u^{9}c_{2,3,4,5,6,7,8,10}^*≡
u^{10}c_{2,3,4,5,6,7,8,10}^*≡
u^{8}c_{3,4,5,6,7,8,10}^*≡
u^{9}c_{3,4,5,6,7,8,10}^*≡
u^{10}c_{3,4,5,6,7,8,10}^*≡
u^{11}c_{3,4,5,6,7,8,10}^*≡
u^{12}c_{3,4,5,6,7,8,10}^*≡
u^{9}c_{2,4,5,6,7,8,10}^*≡
u^{10}c_{2,4,5,6,7,8,10}^*≡
u^{11}c_{2,4,5,6,7,8,10}^*≡
u^{12}c_{2,4,5,6,7,8,10}^*≡
u^{13}c_{2,4,5,6,7,8,10}^*≡
u^{11}c_{4,5,6,7,8,10}^*≡
u^{12}c_{4,5,6,7,8,10}^*≡
u^{13}c_{4,5,6,7,8,10}^*≡
u^{14}c_{4,5,6,7,8,10}^*≡
u^{15}c_{4,5,6,7,8,10}^*≡
u^{10}c_{2,3,5,6,7,8,10}^*≡16v_1^4z_{1,2,3,4,5,6,7,8,9,10}+16v_1^3z_{2,3,4,5,6,7,8,9,10}
u^{11}c_{2,3,5,6,7,8,10}^*≡16v_1^3z_{1,2,3,4,5,6,7,8,9,10}
u^{12}c_{2,3,5,6,7,8,10}^*≡
u^{13}c_{2,3,5,6,7,8,10}^*≡
u^{14}c_{2,3,5,6,7,8,10}^*≡
u^{12}c_{3,5,6,7,8,10}^*≡16v_1^4z_{1,2,3,4,5,6,7,8,9,10}+16v_1^3z_{2,3,4,5,6,7,8,9,10}
u^{13}c_{3,5,6,7,8,10}^*≡16v_1^3z_{1,2,3,4,5,6,7,8,9,10}
u^{14}c_{3,5,6,7,8,10}^*≡
u^{15}c_{3,5,6,7,8,10}^*≡
u^{16}c_{3,5,6,7,8,10}^*≡
u^{13}c_{2,5,6,7,8,10}^*≡16v_1^2z_{1,3,4,5,6,7,8,9,10}+16v_1^4z_{1,2,3,4,5,6,7,8,9,10}+16v_1^3z_{2,3,4,5,6,7,8,9,10}
u^{14}c_{2,5,6,7,8,10}^*≡16v_1^2z_{2,3,4,5,6,7,8,9,10}+16v_1^3z_{1,2,3,4,5,6,7,8,9,10}
u^{15}c_{2,5,6,7,8,10}^*≡16v_1^2z_{1,2,3,4,5,6,7,8,9,10}
u^{16}c_{2,5,6,7,8,10}^*≡
u^{17}c_{2,5,6,7,8,10}^*≡
u^{15}c_{5,6,7,8,10}^*≡16v_1v_2z_{1,2,3,4,5,6,7,8,9,10}+16v_1z_{1,2,4,5,6,7,8,9,10}
u^{16}c_{5,6,7,8,10}^*≡
u^{17}c_{5,6,7,8,10}^*≡
u^{18}c_{5,6,7,8,10}^*≡
u^{19}c_{5,6,7,8,10}^*≡
u^{11}c_{2,3,4,6,7,8,10}^*≡24v_1^4z_{1,2,3,4,5,6,7,8,9,10}
u^{12}c_{2,3,4,6,7,8,10}^*≡
u^{13}c_{2,3,4,6,7,8,10}^*≡
u^{14}c_{2,3,4,6,7,8,10}^*≡
u^{15}c_{2,3,4,6,7,8,10}^*≡
u^{13}c_{3,4,6,7,8,10}^*≡16v_1^2z_{1,3,4,5,6,7,8,9,10}+8v_1^4z_{1,2,3,4,5,6,7,8,9,10}
u^{14}c_{3,4,6,7,8,10}^*≡16v_1^2z_{2,3,4,5,6,7,8,9,10}
u^{15}c_{3,4,6,7,8,10}^*≡16v_1^2z_{1,2,3,4,5,6,7,8,9,10}
u^{16}c_{3,4,6,7,8,10}^*≡
u^{17}c_{3,4,6,7,8,10}^*≡
u^{14}c_{2,4,6,7,8,10}^*≡24v_1^4z_{1,2,3,4,5,6,7,8,9,10}+24v_1^3z_{2,3,4,5,6,7,8,9,10}
u^{15}c_{2,4,6,7,8,10}^*≡8v_1^3z_{1,2,3,4,5,6,7,8,9,10}
u^{16}c_{2,4,6,7,8,10}^*≡
u^{17}c_{2,4,6,7,8,10}^*≡
u^{18}c_{2,4,6,7,8,10}^*≡
u^{16}c_{4,6,7,8,10}^*≡
u^{17}c_{4,6,7,8,10}^*≡
u^{18}c_{4,6,7,8,10}^*≡
u^{19}c_{4,6,7,8,10}^*≡
u^{20}c_{4,6,7,8,10}^*≡
u^{15}c_{2,3,6,7,8,10}^*≡8v_1^4z_{1,2,3,4,5,6,7,8,9,10}+16v_1v_2z_{1,2,3,4,5,6,7,8,9,10}
u^{16}c_{2,3,6,7,8,10}^*≡
u^{17}c_{2,3,6,7,8,10}^*≡
u^{18}c_{2,3,6,7,8,10}^*≡
u^{19}c_{2,3,6,7,8,10}^*≡
u^{17}c_{3,6,7,8,10}^*≡
u^{18}c_{3,6,7,8,10}^*≡
u^{19}c_{3,6,7,8,10}^*≡
u^{20}c_{3,6,7,8,10}^*≡
u^{21}c_{3,6,7,8,10}^*≡
u^{18}c_{2,6,7,8,10}^*≡16v_1^4z_{1,2,3,4,5,6,7,8,9,10}+16v_1^3z_{2,3,4,5,6,7,8,9,10}
u^{19}c_{2,6,7,8,10}^*≡16v_1^3z_{1,2,3,4,5,6,7,8,9,10}
u^{20}c_{2,6,7,8,10}^*≡
u^{21}c_{2,6,7,8,10}^*≡
u^{22}c_{2,6,7,8,10}^*≡
u^{20}c_{6,7,8,10}^*≡16v_1^4z_{1,2,3,4,5,6,7,8,9,10}+16v_1^3z_{2,3,4,5,6,7,8,9,10}
u^{21}c_{6,7,8,10}^*≡16v_1^3z_{1,2,3,4,5,6,7,8,9,10}
u^{22}c_{6,7,8,10}^*≡
u^{23}c_{6,7,8,10}^*≡
u^{24}c_{6,7,8,10}^*≡
u^{12}c_{2,3,4,5,7,8,10}^*≡16v_1^3z_{2,3,4,5,6,7,8,9,10}
u^{13}c_{2,3,4,5,7,8,10}^*≡16v_1^3z_{1,2,3,4,5,6,7,8,9,10}
u^{14}c_{2,3,4,5,7,8,10}^*≡
u^{15}c_{2,3,4,5,7,8,10}^*≡
u^{16}c_{2,3,4,5,7,8,10}^*≡
u^{14}c_{3,4,5,7,8,10}^*≡16v_1^4z_{1,2,3,4,5,6,7,8,9,10}+24v_1^3z_{2,3,4,5,6,7,8,9,10}
u^{15}c_{3,4,5,7,8,10}^*≡8v_1^3z_{1,2,3,4,5,6,7,8,9,10}
u^{16}c_{3,4,5,7,8,10}^*≡
u^{17}c_{3,4,5,7,8,10}^*≡
u^{18}c_{3,4,5,7,8,10}^*≡
u^{15}c_{2,4,5,7,8,10}^*≡28v_1^4z_{1,2,3,4,5,6,7,8,9,10}
u^{16}c_{2,4,5,7,8,10}^*≡
u^{17}c_{2,4,5,7,8,10}^*≡
u^{18}c_{2,4,5,7,8,10}^*≡
u^{19}c_{2,4,5,7,8,10}^*≡
u^{17}c_{4,5,7,8,10}^*≡16v_1^4z_{1,2,3,4,5,6,7,8,9,10}
u^{18}c_{4,5,7,8,10}^*≡
u^{19}c_{4,5,7,8,10}^*≡
u^{20}c_{4,5,7,8,10}^*≡
u^{21}c_{4,5,7,8,10}^*≡
u^{16}c_{2,3,5,7,8,10}^*≡
u^{17}c_{2,3,5,7,8,10}^*≡
u^{18}c_{2,3,5,7,8,10}^*≡
u^{19}c_{2,3,5,7,8,10}^*≡
u^{20}c_{2,3,5,7,8,10}^*≡
u^{18}c_{3,5,7,8,10}^*≡16v_1^4z_{1,2,3,4,5,6,7,8,9,10}+16v_1^3z_{2,3,4,5,6,7,8,9,10}
u^{19}c_{3,5,7,8,10}^*≡16v_1^3z_{1,2,3,4,5,6,7,8,9,10}
u^{20}c_{3,5,7,8,10}^*≡
u^{21}c_{3,5,7,8,10}^*≡
u^{22}c_{3,5,7,8,10}^*≡
u^{19}c_{2,5,7,8,10}^*≡24v_1^4z_{1,2,3,4,5,6,7,8,9,10}
u^{20}c_{2,5,7,8,10}^*≡
u^{21}c_{2,5,7,8,10}^*≡
u^{22}c_{2,5,7,8,10}^*≡
u^{23}c_{2,5,7,8,10}^*≡
u^{21}c_{5,7,8,10}^*≡24v_1^4z_{1,2,3,4,5,6,7,8,9,10}+16v_1^3z_{2,3,4,5,6,7,8,9,10}
u^{22}c_{5,7,8,10}^*≡16v_1^3z_{1,2,3,4,5,6,7,8,9,10}
u^{23}c_{5,7,8,10}^*≡
u^{24}c_{5,7,8,10}^*≡
u^{25}c_{5,7,8,10}^*≡
u^{17}c_{2,3,4,7,8,10}^*≡
u^{18}c_{2,3,4,7,8,10}^*≡
u^{19}c_{2,3,4,7,8,10}^*≡
u^{20}c_{2,3,4,7,8,10}^*≡
u^{21}c_{2,3,4,7,8,10}^*≡
u^{19}c_{3,4,7,8,10}^*≡24v_1^4z_{1,2,3,4,5,6,7,8,9,10}
u^{20}c_{3,4,7,8,10}^*≡
u^{21}c_{3,4,7,8,10}^*≡
u^{22}c_{3,4,7,8,10}^*≡
u^{23}c_{3,4,7,8,10}^*≡
u^{20}c_{2,4,7,8,10}^*≡
u^{21}c_{2,4,7,8,10}^*≡
u^{22}c_{2,4,7,8,10}^*≡
u^{23}c_{2,4,7,8,10}^*≡
u^{24}c_{2,4,7,8,10}^*≡
u^{22}c_{4,7,8,10}^*≡8v_1^4z_{1,2,3,4,5,6,7,8,9,10}+8v_1^3z_{2,3,4,5,6,7,8,9,10}
u^{23}c_{4,7,8,10}^*≡24v_1^3z_{1,2,3,4,5,6,7,8,9,10}
u^{24}c_{4,7,8,10}^*≡
u^{25}c_{4,7,8,10}^*≡
u^{26}c_{4,7,8,10}^*≡
u^{21}c_{2,3,7,8,10}^*≡16v_1^4z_{1,2,3,4,5,6,7,8,9,10}
u^{22}c_{2,3,7,8,10}^*≡
u^{23}c_{2,3,7,8,10}^*≡
u^{24}c_{2,3,7,8,10}^*≡
u^{25}c_{2,3,7,8,10}^*≡
u^{23}c_{3,7,8,10}^*≡
u^{24}c_{3,7,8,10}^*≡
u^{25}c_{3,7,8,10}^*≡
u^{26}c_{3,7,8,10}^*≡
u^{27}c_{3,7,8,10}^*≡
u^{24}c_{2,7,8,10}^*≡
u^{25}c_{2,7,8,10}^*≡
u^{26}c_{2,7,8,10}^*≡
u^{27}c_{2,7,8,10}^*≡
u^{28}c_{2,7,8,10}^*≡
u^{26}c_{7,8,10}^*≡24v_1^4z_{1,2,3,4,5,6,7,8,9,10}+24v_1^3z_{2,3,4,5,6,7,8,9,10}
u^{27}c_{7,8,10}^*≡8v_1^3z_{1,2,3,4,5,6,7,8,9,10}
u^{28}c_{7,8,10}^*≡
u^{29}c_{7,8,10}^*≡
u^{30}c_{7,8,10}^*≡
u^{13}c_{2,3,4,5,6,8,10}^*≡8v_1^4z_{1,2,3,4,5,6,7,8,9,10}
u^{14}c_{2,3,4,5,6,8,10}^*≡
u^{15}c_{2,3,4,5,6,8,10}^*≡
u^{16}c_{2,3,4,5,6,8,10}^*≡
u^{17}c_{2,3,4,5,6,8,10}^*≡
u^{15}c_{3,4,5,6,8,10}^*≡4v_1^4z_{1,2,3,4,5,6,7,8,9,10}+16v_1v_2z_{1,2,3,4,5,6,7,8,9,10}
u^{16}c_{3,4,5,6,8,10}^*≡
u^{17}c_{3,4,5,6,8,10}^*≡
u^{18}c_{3,4,5,6,8,10}^*≡
u^{19}c_{3,4,5,6,8,10}^*≡
u^{16}c_{2,4,5,6,8,10}^*≡
u^{17}c_{2,4,5,6,8,10}^*≡
u^{18}c_{2,4,5,6,8,10}^*≡
u^{19}c_{2,4,5,6,8,10}^*≡
u^{20}c_{2,4,5,6,8,10}^*≡
u^{18}c_{4,5,6,8,10}^*≡16v_1^4z_{1,2,3,4,5,6,7,8,9,10}
u^{19}c_{4,5,6,8,10}^*≡
u^{20}c_{4,5,6,8,10}^*≡
u^{21}c_{4,5,6,8,10}^*≡
u^{22}c_{4,5,6,8,10}^*≡
u^{17}c_{2,3,5,6,8,10}^*≡16v_1^4z_{1,2,3,4,5,6,7,8,9,10}
u^{18}c_{2,3,5,6,8,10}^*≡
u^{19}c_{2,3,5,6,8,10}^*≡
u^{20}c_{2,3,5,6,8,10}^*≡
u^{21}c_{2,3,5,6,8,10}^*≡
u^{19}c_{3,5,6,8,10}^*≡24v_1^4z_{1,2,3,4,5,6,7,8,9,10}
u^{20}c_{3,5,6,8,10}^*≡
u^{21}c_{3,5,6,8,10}^*≡
u^{22}c_{3,5,6,8,10}^*≡
u^{23}c_{3,5,6,8,10}^*≡
u^{20}c_{2,5,6,8,10}^*≡16v_1^4z_{1,2,3,4,5,6,7,8,9,10}
u^{21}c_{2,5,6,8,10}^*≡
u^{22}c_{2,5,6,8,10}^*≡
u^{23}c_{2,5,6,8,10}^*≡
u^{24}c_{2,5,6,8,10}^*≡
u^{22}c_{5,6,8,10}^*≡8v_1^4z_{1,2,3,4,5,6,7,8,9,10}
u^{23}c_{5,6,8,10}^*≡
u^{24}c_{5,6,8,10}^*≡
u^{25}c_{5,6,8,10}^*≡
u^{26}c_{5,6,8,10}^*≡
u^{18}c_{2,3,4,6,8,10}^*≡16v_1^4z_{1,2,3,4,5,6,7,8,9,10}+16v_1^3z_{2,3,4,5,6,7,8,9,10}
u^{19}c_{2,3,4,6,8,10}^*≡16v_1^3z_{1,2,3,4,5,6,7,8,9,10}
u^{20}c_{2,3,4,6,8,10}^*≡
u^{21}c_{2,3,4,6,8,10}^*≡
u^{22}c_{2,3,4,6,8,10}^*≡
u^{20}c_{3,4,6,8,10}^*≡16v_1^4z_{1,2,3,4,5,6,7,8,9,10}+16v_1^3z_{2,3,4,5,6,7,8,9,10}
u^{21}c_{3,4,6,8,10}^*≡16v_1^3z_{1,2,3,4,5,6,7,8,9,10}
u^{22}c_{3,4,6,8,10}^*≡
u^{23}c_{3,4,6,8,10}^*≡
u^{24}c_{3,4,6,8,10}^*≡
u^{21}c_{2,4,6,8,10}^*≡16v_1^2z_{1,3,4,5,6,7,8,9,10}+8v_1^4z_{1,2,3,4,5,6,7,8,9,10}+16v_1^3z_{2,3,4,5,6,7,8,9,10}
u^{22}c_{2,4,6,8,10}^*≡16v_1^2z_{2,3,4,5,6,7,8,9,10}+16v_1^3z_{1,2,3,4,5,6,7,8,9,10}
u^{23}c_{2,4,6,8,10}^*≡16v_1^2z_{1,2,3,4,5,6,7,8,9,10}
u^{24}c_{2,4,6,8,10}^*≡
u^{25}c_{2,4,6,8,10}^*≡
u^{23}c_{4,6,8,10}^*≡4v_1^4z_{1,2,3,4,5,6,7,8,9,10}+16v_1v_2z_{1,2,3,4,5,6,7,8,9,10}+16v_1z_{1,2,4,5,6,7,8,9,10}
u^{24}c_{4,6,8,10}^*≡
u^{25}c_{4,6,8,10}^*≡
u^{26}c_{4,6,8,10}^*≡
u^{27}c_{4,6,8,10}^*≡
u^{22}c_{2,3,6,8,10}^*≡
u^{23}c_{2,3,6,8,10}^*≡
u^{24}c_{2,3,6,8,10}^*≡
u^{25}c_{2,3,6,8,10}^*≡
u^{26}c_{2,3,6,8,10}^*≡
u^{24}c_{3,6,8,10}^*≡
u^{25}c_{3,6,8,10}^*≡
u^{26}c_{3,6,8,10}^*≡
u^{27}c_{3,6,8,10}^*≡
u^{28}c_{3,6,8,10}^*≡
u^{25}c_{2,6,8,10}^*≡16v_1^2z_{1,3,4,5,6,7,8,9,10}+24v_1^4z_{1,2,3,4,5,6,7,8,9,10}+16v_1^3z_{2,3,4,5,6,7,8,9,10}
u^{26}c_{2,6,8,10}^*≡16v_1^2z_{2,3,4,5,6,7,8,9,10}+16v_1^3z_{1,2,3,4,5,6,7,8,9,10}
u^{27}c_{2,6,8,10}^*≡16v_1^2z_{1,2,3,4,5,6,7,8,9,10}
u^{28}c_{2,6,8,10}^*≡
u^{29}c_{2,6,8,10}^*≡
u^{27}c_{6,8,10}^*≡12v_1^4z_{1,2,3,4,5,6,7,8,9,10}+16v_1v_2z_{1,2,3,4,5,6,7,8,9,10}+16v_1^2z_{1,3,4,5,6,7,8,9,10}+16v_1^3z_{2,3,4,5,6,7,8,9,10}+16v_1z_{1,2,4,5,6,7,8,9,10}
u^{28}c_{6,8,10}^*≡16v_1^2z_{2,3,4,5,6,7,8,9,10}+16v_1^3z_{1,2,3,4,5,6,7,8,9,10}
u^{29}c_{6,8,10}^*≡16v_1^2z_{1,2,3,4,5,6,7,8,9,10}
u^{30}c_{6,8,10}^*≡
u^{31}c_{6,8,10}^*≡
u^{19}c_{2,3,4,5,8,10}^*≡24v_1^4z_{1,2,3,4,5,6,7,8,9,10}
u^{20}c_{2,3,4,5,8,10}^*≡
u^{21}c_{2,3,4,5,8,10}^*≡
u^{22}c_{2,3,4,5,8,10}^*≡
u^{23}c_{2,3,4,5,8,10}^*≡
u^{21}c_{3,4,5,8,10}^*≡16v_1^2z_{1,3,4,5,6,7,8,9,10}+16v_1^4z_{1,2,3,4,5,6,7,8,9,10}
u^{22}c_{3,4,5,8,10}^*≡16v_1^2z_{2,3,4,5,6,7,8,9,10}
u^{23}c_{3,4,5,8,10}^*≡16v_1^2z_{1,2,3,4,5,6,7,8,9,10}
u^{24}c_{3,4,5,8,10}^*≡
u^{25}c_{3,4,5,8,10}^*≡
u^{22}c_{2,4,5,8,10}^*≡8v_1^4z_{1,2,3,4,5,6,7,8,9,10}+24v_1^3z_{2,3,4,5,6,7,8,9,10}
u^{23}c_{2,4,5,8,10}^*≡8v_1^3z_{1,2,3,4,5,6,7,8,9,10}
u^{24}c_{2,4,5,8,10}^*≡
u^{25}c_{2,4,5,8,10}^*≡
u^{26}c_{2,4,5,8,10}^*≡
u^{24}c_{4,5,8,10}^*≡16v_1^3z_{2,3,4,5,6,7,8,9,10}
u^{25}c_{4,5,8,10}^*≡16v_1^3z_{1,2,3,4,5,6,7,8,9,10}
u^{26}c_{4,5,8,10}^*≡
u^{27}c_{4,5,8,10}^*≡
u^{28}c_{4,5,8,10}^*≡
u^{23}c_{2,3,5,8,10}^*≡24v_1^4z_{1,2,3,4,5,6,7,8,9,10}
u^{24}c_{2,3,5,8,10}^*≡
u^{25}c_{2,3,5,8,10}^*≡
u^{26}c_{2,3,5,8,10}^*≡
u^{27}c_{2,3,5,8,10}^*≡
u^{25}c_{3,5,8,10}^*≡16v_1^2z_{1,3,4,5,6,7,8,9,10}+8v_1^4z_{1,2,3,4,5,6,7,8,9,10}+16v_1^3z_{2,3,4,5,6,7,8,9,10}
u^{26}c_{3,5,8,10}^*≡16v_1^2z_{2,3,4,5,6,7,8,9,10}+16v_1^3z_{1,2,3,4,5,6,7,8,9,10}
u^{27}c_{3,5,8,10}^*≡16v_1^2z_{1,2,3,4,5,6,7,8,9,10}
u^{28}c_{3,5,8,10}^*≡
u^{29}c_{3,5,8,10}^*≡
u^{26}c_{2,5,8,10}^*≡8v_1^4z_{1,2,3,4,5,6,7,8,9,10}+8v_1^3z_{2,3,4,5,6,7,8,9,10}
u^{27}c_{2,5,8,10}^*≡24v_1^3z_{1,2,3,4,5,6,7,8,9,10}
u^{28}c_{2,5,8,10}^*≡
u^{29}c_{2,5,8,10}^*≡
u^{30}c_{2,5,8,10}^*≡
u^{28}c_{5,8,10}^*≡16v_1^2z_{1,3,4,5,6,7,8,9,10}+16v_1^4z_{1,2,3,4,5,6,7,8,9,10}+8v_1^3z_{2,3,4,5,6,7,8,9,10}
u^{29}c_{5,8,10}^*≡16v_1^2z_{2,3,4,5,6,7,8,9,10}+24v_1^3z_{1,2,3,4,5,6,7,8,9,10}
u^{30}c_{5,8,10}^*≡16v_1^2z_{1,2,3,4,5,6,7,8,9,10}
u^{31}c_{5,8,10}^*≡
u^{32}c_{5,8,10}^*≡
u^{24}c_{2,3,4,8,10}^*≡
u^{25}c_{2,3,4,8,10}^*≡
u^{26}c_{2,3,4,8,10}^*≡
u^{27}c_{2,3,4,8,10}^*≡
u^{28}c_{2,3,4,8,10}^*≡
u^{26}c_{3,4,8,10}^*≡8v_1^4z_{1,2,3,4,5,6,7,8,9,10}+24v_1^3z_{2,3,4,5,6,7,8,9,10}
u^{27}c_{3,4,8,10}^*≡8v_1^3z_{1,2,3,4,5,6,7,8,9,10}
u^{28}c_{3,4,8,10}^*≡
u^{29}c_{3,4,8,10}^*≡
u^{30}c_{3,4,8,10}^*≡
u^{27}c_{2,4,8,10}^*≡24v_1^4z_{1,2,3,4,5,6,7,8,9,10}
u^{28}c_{2,4,8,10}^*≡
u^{29}c_{2,4,8,10}^*≡
u^{30}c_{2,4,8,10}^*≡
u^{31}c_{2,4,8,10}^*≡
u^{29}c_{4,8,10}^*≡20v_1^4z_{1,2,3,4,5,6,7,8,9,10}+16v_1v_2z_{1,2,3,4,5,6,7,8,9,10}+24v_1^2z_{1,3,4,5,6,7,8,9,10}+24v_1^3z_{2,3,4,5,6,7,8,9,10}+16v_1z_{1,2,4,5,6,7,8,9,10}
u^{30}c_{4,8,10}^*≡8v_1^2z_{2,3,4,5,6,7,8,9,10}+8v_1^3z_{1,2,3,4,5,6,7,8,9,10}
u^{31}c_{4,8,10}^*≡24v_1^2z_{1,2,3,4,5,6,7,8,9,10}
u^{32}c_{4,8,10}^*≡
u^{33}c_{4,8,10}^*≡
u^{28}c_{2,3,8,10}^*≡16v_1^4z_{1,2,3,4,5,6,7,8,9,10}+16v_1^3z_{2,3,4,5,6,7,8,9,10}
u^{29}c_{2,3,8,10}^*≡16v_1^3z_{1,2,3,4,5,6,7,8,9,10}
u^{30}c_{2,3,8,10}^*≡
u^{31}c_{2,3,8,10}^*≡
u^{32}c_{2,3,8,10}^*≡
u^{30}c_{3,8,10}^*≡8v_1^4z_{1,2,3,4,5,6,7,8,9,10}+24v_1^3z_{2,3,4,5,6,7,8,9,10}
u^{31}c_{3,8,10}^*≡8v_1^3z_{1,2,3,4,5,6,7,8,9,10}
u^{32}c_{3,8,10}^*≡
u^{33}c_{3,8,10}^*≡
u^{34}c_{3,8,10}^*≡
u^{31}c_{2,8,10}^*≡12v_1^4z_{1,2,3,4,5,6,7,8,9,10}+16v_1v_2z_{1,2,3,4,5,6,7,8,9,10}+16v_1z_{1,2,4,5,6,7,8,9,10}
u^{32}c_{2,8,10}^*≡
u^{33}c_{2,8,10}^*≡
u^{34}c_{2,8,10}^*≡
u^{35}c_{2,8,10}^*≡
u^{33}c_{8,10}^*≡16v_1^4z_{1,2,3,4,5,6,7,8,9,10}
u^{34}c_{8,10}^*≡
u^{35}c_{8,10}^*≡
u^{36}c_{8,10}^*≡
u^{37}c_{8,10}^*≡
u^{14}c_{2,3,4,5,6,7,10}^*≡
u^{15}c_{2,3,4,5,6,7,10}^*≡
u^{16}c_{2,3,4,5,6,7,10}^*≡
u^{17}c_{2,3,4,5,6,7,10}^*≡
u^{18}c_{2,3,4,5,6,7,10}^*≡
u^{16}c_{3,4,5,6,7,10}^*≡
u^{17}c_{3,4,5,6,7,10}^*≡
u^{18}c_{3,4,5,6,7,10}^*≡
u^{19}c_{3,4,5,6,7,10}^*≡
u^{20}c_{3,4,5,6,7,10}^*≡
u^{17}c_{2,4,5,6,7,10}^*≡
u^{18}c_{2,4,5,6,7,10}^*≡
u^{19}c_{2,4,5,6,7,10}^*≡
u^{20}c_{2,4,5,6,7,10}^*≡
u^{21}c_{2,4,5,6,7,10}^*≡
u^{19}c_{4,5,6,7,10}^*≡16v_1^4z_{1,2,3,4,5,6,7,8,9,10}
u^{20}c_{4,5,6,7,10}^*≡
u^{21}c_{4,5,6,7,10}^*≡
u^{22}c_{4,5,6,7,10}^*≡
u^{23}c_{4,5,6,7,10}^*≡
u^{18}c_{2,3,5,6,7,10}^*≡
u^{19}c_{2,3,5,6,7,10}^*≡
u^{20}c_{2,3,5,6,7,10}^*≡
u^{21}c_{2,3,5,6,7,10}^*≡
u^{22}c_{2,3,5,6,7,10}^*≡
u^{20}c_{3,5,6,7,10}^*≡
u^{21}c_{3,5,6,7,10}^*≡
u^{22}c_{3,5,6,7,10}^*≡
u^{23}c_{3,5,6,7,10}^*≡
u^{24}c_{3,5,6,7,10}^*≡
u^{21}c_{2,5,6,7,10}^*≡16v_1^4z_{1,2,3,4,5,6,7,8,9,10}
u^{22}c_{2,5,6,7,10}^*≡
u^{23}c_{2,5,6,7,10}^*≡
u^{24}c_{2,5,6,7,10}^*≡
u^{25}c_{2,5,6,7,10}^*≡
u^{23}c_{5,6,7,10}^*≡24v_1^4z_{1,2,3,4,5,6,7,8,9,10}
u^{24}c_{5,6,7,10}^*≡
u^{25}c_{5,6,7,10}^*≡
u^{26}c_{5,6,7,10}^*≡
u^{27}c_{5,6,7,10}^*≡
u^{19}c_{2,3,4,6,7,10}^*≡16v_1^4z_{1,2,3,4,5,6,7,8,9,10}
u^{20}c_{2,3,4,6,7,10}^*≡
u^{21}c_{2,3,4,6,7,10}^*≡
u^{22}c_{2,3,4,6,7,10}^*≡
u^{23}c_{2,3,4,6,7,10}^*≡
u^{21}c_{3,4,6,7,10}^*≡16v_1^4z_{1,2,3,4,5,6,7,8,9,10}
u^{22}c_{3,4,6,7,10}^*≡
u^{23}c_{3,4,6,7,10}^*≡
u^{24}c_{3,4,6,7,10}^*≡
u^{25}c_{3,4,6,7,10}^*≡
u^{22}c_{2,4,6,7,10}^*≡16v_1^3z_{2,3,4,5,6,7,8,9,10}
u^{23}c_{2,4,6,7,10}^*≡16v_1^3z_{1,2,3,4,5,6,7,8,9,10}
u^{24}c_{2,4,6,7,10}^*≡
u^{25}c_{2,4,6,7,10}^*≡
u^{26}c_{2,4,6,7,10}^*≡
u^{24}c_{4,6,7,10}^*≡
u^{25}c_{4,6,7,10}^*≡
u^{26}c_{4,6,7,10}^*≡
u^{27}c_{4,6,7,10}^*≡
u^{28}c_{4,6,7,10}^*≡
u^{23}c_{2,3,6,7,10}^*≡16v_1^4z_{1,2,3,4,5,6,7,8,9,10}
u^{24}c_{2,3,6,7,10}^*≡
u^{25}c_{2,3,6,7,10}^*≡
u^{26}c_{2,3,6,7,10}^*≡
u^{27}c_{2,3,6,7,10}^*≡
u^{25}c_{3,6,7,10}^*≡16v_1^4z_{1,2,3,4,5,6,7,8,9,10}
u^{26}c_{3,6,7,10}^*≡
u^{27}c_{3,6,7,10}^*≡
u^{28}c_{3,6,7,10}^*≡
u^{29}c_{3,6,7,10}^*≡
u^{26}c_{2,6,7,10}^*≡16v_1^4z_{1,2,3,4,5,6,7,8,9,10}
u^{27}c_{2,6,7,10}^*≡
u^{28}c_{2,6,7,10}^*≡
u^{29}c_{2,6,7,10}^*≡
u^{30}c_{2,6,7,10}^*≡
u^{28}c_{6,7,10}^*≡16v_1^4z_{1,2,3,4,5,6,7,8,9,10}+16v_1^3z_{2,3,4,5,6,7,8,9,10}
u^{29}c_{6,7,10}^*≡16v_1^3z_{1,2,3,4,5,6,7,8,9,10}
u^{30}c_{6,7,10}^*≡
u^{31}c_{6,7,10}^*≡
u^{32}c_{6,7,10}^*≡
u^{20}c_{2,3,4,5,7,10}^*≡
u^{21}c_{2,3,4,5,7,10}^*≡
u^{22}c_{2,3,4,5,7,10}^*≡
u^{23}c_{2,3,4,5,7,10}^*≡
u^{24}c_{2,3,4,5,7,10}^*≡
u^{22}c_{3,4,5,7,10}^*≡
u^{23}c_{3,4,5,7,10}^*≡
u^{24}c_{3,4,5,7,10}^*≡
u^{25}c_{3,4,5,7,10}^*≡
u^{26}c_{3,4,5,7,10}^*≡
u^{23}c_{2,4,5,7,10}^*≡16v_1^4z_{1,2,3,4,5,6,7,8,9,10}
u^{24}c_{2,4,5,7,10}^*≡
u^{25}c_{2,4,5,7,10}^*≡
u^{26}c_{2,4,5,7,10}^*≡
u^{27}c_{2,4,5,7,10}^*≡
u^{25}c_{4,5,7,10}^*≡16v_1^4z_{1,2,3,4,5,6,7,8,9,10}
u^{26}c_{4,5,7,10}^*≡
u^{27}c_{4,5,7,10}^*≡
u^{28}c_{4,5,7,10}^*≡
u^{29}c_{4,5,7,10}^*≡
u^{24}c_{2,3,5,7,10}^*≡
u^{25}c_{2,3,5,7,10}^*≡
u^{26}c_{2,3,5,7,10}^*≡
u^{27}c_{2,3,5,7,10}^*≡
u^{28}c_{2,3,5,7,10}^*≡
u^{26}c_{3,5,7,10}^*≡16v_1^4z_{1,2,3,4,5,6,7,8,9,10}
u^{27}c_{3,5,7,10}^*≡
u^{28}c_{3,5,7,10}^*≡
u^{29}c_{3,5,7,10}^*≡
u^{30}c_{3,5,7,10}^*≡
u^{27}c_{2,5,7,10}^*≡24v_1^4z_{1,2,3,4,5,6,7,8,9,10}
u^{28}c_{2,5,7,10}^*≡
u^{29}c_{2,5,7,10}^*≡
u^{30}c_{2,5,7,10}^*≡
u^{31}c_{2,5,7,10}^*≡
u^{29}c_{5,7,10}^*≡16v_1^2z_{1,3,4,5,6,7,8,9,10}+24v_1^4z_{1,2,3,4,5,6,7,8,9,10}+16v_1^3z_{2,3,4,5,6,7,8,9,10}
u^{30}c_{5,7,10}^*≡16v_1^2z_{2,3,4,5,6,7,8,9,10}+16v_1^3z_{1,2,3,4,5,6,7,8,9,10}
u^{31}c_{5,7,10}^*≡16v_1^2z_{1,2,3,4,5,6,7,8,9,10}
u^{32}c_{5,7,10}^*≡
u^{33}c_{5,7,10}^*≡
u^{25}c_{2,3,4,7,10}^*≡
u^{26}c_{2,3,4,7,10}^*≡
u^{27}c_{2,3,4,7,10}^*≡
u^{28}c_{2,3,4,7,10}^*≡
u^{29}c_{2,3,4,7,10}^*≡
u^{27}c_{3,4,7,10}^*≡24v_1^4z_{1,2,3,4,5,6,7,8,9,10}
u^{28}c_{3,4,7,10}^*≡
u^{29}c_{3,4,7,10}^*≡
u^{30}c_{3,4,7,10}^*≡
u^{31}c_{3,4,7,10}^*≡
u^{28}c_{2,4,7,10}^*≡
u^{29}c_{2,4,7,10}^*≡
u^{30}c_{2,4,7,10}^*≡
u^{31}c_{2,4,7,10}^*≡
u^{32}c_{2,4,7,10}^*≡
u^{30}c_{4,7,10}^*≡8v_1^4z_{1,2,3,4,5,6,7,8,9,10}+8v_1^3z_{2,3,4,5,6,7,8,9,10}
u^{31}c_{4,7,10}^*≡24v_1^3z_{1,2,3,4,5,6,7,8,9,10}
u^{32}c_{4,7,10}^*≡
u^{33}c_{4,7,10}^*≡
u^{34}c_{4,7,10}^*≡
u^{29}c_{2,3,7,10}^*≡
u^{30}c_{2,3,7,10}^*≡
u^{31}c_{2,3,7,10}^*≡
u^{32}c_{2,3,7,10}^*≡
u^{33}c_{2,3,7,10}^*≡
u^{31}c_{3,7,10}^*≡8v_1^4z_{1,2,3,4,5,6,7,8,9,10}
u^{32}c_{3,7,10}^*≡
u^{33}c_{3,7,10}^*≡
u^{34}c_{3,7,10}^*≡
u^{35}c_{3,7,10}^*≡
u^{32}c_{2,7,10}^*≡
u^{33}c_{2,7,10}^*≡
u^{34}c_{2,7,10}^*≡
u^{35}c_{2,7,10}^*≡
u^{36}c_{2,7,10}^*≡
u^{34}c_{7,10}^*≡
u^{35}c_{7,10}^*≡
u^{36}c_{7,10}^*≡
u^{37}c_{7,10}^*≡
u^{38}c_{7,10}^*≡
u^{21}c_{2,3,4,5,6,10}^*≡24v_1^4z_{1,2,3,4,5,6,7,8,9,10}
u^{22}c_{2,3,4,5,6,10}^*≡
u^{23}c_{2,3,4,5,6,10}^*≡
u^{24}c_{2,3,4,5,6,10}^*≡
u^{25}c_{2,3,4,5,6,10}^*≡
u^{23}c_{3,4,5,6,10}^*≡28v_1^4z_{1,2,3,4,5,6,7,8,9,10}
u^{24}c_{3,4,5,6,10}^*≡
u^{25}c_{3,4,5,6,10}^*≡
u^{26}c_{3,4,5,6,10}^*≡
u^{27}c_{3,4,5,6,10}^*≡
u^{24}c_{2,4,5,6,10}^*≡16v_1^4z_{1,2,3,4,5,6,7,8,9,10}
u^{25}c_{2,4,5,6,10}^*≡
u^{26}c_{2,4,5,6,10}^*≡
u^{27}c_{2,4,5,6,10}^*≡
u^{28}c_{2,4,5,6,10}^*≡
u^{26}c_{4,5,6,10}^*≡8v_1^4z_{1,2,3,4,5,6,7,8,9,10}+16v_1^3z_{2,3,4,5,6,7,8,9,10}
u^{27}c_{4,5,6,10}^*≡16v_1^3z_{1,2,3,4,5,6,7,8,9,10}
u^{28}c_{4,5,6,10}^*≡
u^{29}c_{4,5,6,10}^*≡
u^{30}c_{4,5,6,10}^*≡
u^{25}c_{2,3,5,6,10}^*≡16v_1^2z_{1,3,4,5,6,7,8,9,10}+24v_1^4z_{1,2,3,4,5,6,7,8,9,10}+16v_1^3z_{2,3,4,5,6,7,8,9,10}
u^{26}c_{2,3,5,6,10}^*≡16v_1^2z_{2,3,4,5,6,7,8,9,10}+16v_1^3z_{1,2,3,4,5,6,7,8,9,10}
u^{27}c_{2,3,5,6,10}^*≡16v_1^2z_{1,2,3,4,5,6,7,8,9,10}
u^{28}c_{2,3,5,6,10}^*≡
u^{29}c_{2,3,5,6,10}^*≡
u^{27}c_{3,5,6,10}^*≡12v_1^4z_{1,2,3,4,5,6,7,8,9,10}+16v_1v_2z_{1,2,3,4,5,6,7,8,9,10}+16v_1^2z_{1,3,4,5,6,7,8,9,10}+16v_1^3z_{2,3,4,5,6,7,8,9,10}+16v_1z_{1,2,4,5,6,7,8,9,10}
u^{28}c_{3,5,6,10}^*≡16v_1^2z_{2,3,4,5,6,7,8,9,10}+16v_1^3z_{1,2,3,4,5,6,7,8,9,10}
u^{29}c_{3,5,6,10}^*≡16v_1^2z_{1,2,3,4,5,6,7,8,9,10}
u^{30}c_{3,5,6,10}^*≡
u^{31}c_{3,5,6,10}^*≡
u^{28}c_{2,5,6,10}^*≡24v_1^4z_{1,2,3,4,5,6,7,8,9,10}+16v_1z_{3,4,5,6,7,8,9,10}+16v_1^2z_{1,3,4,5,6,7,8,9,10}
u^{29}c_{2,5,6,10}^*≡16v_1^2z_{2,3,4,5,6,7,8,9,10}+16v_1z_{1,3,4,5,6,7,8,9,10}+16v_1^3z_{1,2,3,4,5,6,7,8,9,10}
u^{30}c_{2,5,6,10}^*≡16v_1^2z_{1,2,3,4,5,6,7,8,9,10}+16v_1z_{2,3,4,5,6,7,8,9,10}
u^{31}c_{2,5,6,10}^*≡16v_1z_{1,2,3,4,5,6,7,8,9,10}
u^{32}c_{2,5,6,10}^*≡
u^{30}c_{5,6,10}^*≡20v_1^4z_{1,2,3,4,5,6,7,8,9,10}+16v_1v_2z_{1,2,3,4,5,6,7,8,9,10}+16z_{2,4,5,6,7,8,9,10}+24v_1^3z_{2,3,4,5,6,7,8,9,10}+16v_1z_{1,2,4,5,6,7,8,9,10}
u^{31}c_{5,6,10}^*≡16z_{1,2,4,5,6,7,8,9,10}+8v_1^3z_{1,2,3,4,5,6,7,8,9,10}+16v_2z_{1,2,3,4,5,6,7,8,9,10}
u^{32}c_{5,6,10}^*≡
u^{33}c_{5,6,10}^*≡
u^{34}c_{5,6,10}^*≡
u^{26}c_{2,3,4,6,10}^*≡8v_1^4z_{1,2,3,4,5,6,7,8,9,10}+8v_1^3z_{2,3,4,5,6,7,8,9,10}
u^{27}c_{2,3,4,6,10}^*≡24v_1^3z_{1,2,3,4,5,6,7,8,9,10}
u^{28}c_{2,3,4,6,10}^*≡
u^{29}c_{2,3,4,6,10}^*≡
u^{30}c_{2,3,4,6,10}^*≡
u^{28}c_{3,4,6,10}^*≡24v_1^4z_{1,2,3,4,5,6,7,8,9,10}+16v_1z_{3,4,5,6,7,8,9,10}+24v_1^3z_{2,3,4,5,6,7,8,9,10}
u^{29}c_{3,4,6,10}^*≡16v_1z_{1,3,4,5,6,7,8,9,10}+24v_1^3z_{1,2,3,4,5,6,7,8,9,10}
u^{30}c_{3,4,6,10}^*≡16v_1z_{2,3,4,5,6,7,8,9,10}
u^{31}c_{3,4,6,10}^*≡16v_1z_{1,2,3,4,5,6,7,8,9,10}
u^{32}c_{3,4,6,10}^*≡
u^{29}c_{2,4,6,10}^*≡12v_1^4z_{1,2,3,4,5,6,7,8,9,10}+16v_1v_2z_{1,2,3,4,5,6,7,8,9,10}+8v_1^2z_{1,3,4,5,6,7,8,9,10}+8v_1^3z_{2,3,4,5,6,7,8,9,10}+16v_1z_{1,2,4,5,6,7,8,9,10}
u^{30}c_{2,4,6,10}^*≡24v_1^2z_{2,3,4,5,6,7,8,9,10}+24v_1^3z_{1,2,3,4,5,6,7,8,9,10}
u^{31}c_{2,4,6,10}^*≡8v_1^2z_{1,2,3,4,5,6,7,8,9,10}
u^{32}c_{2,4,6,10}^*≡
u^{33}c_{2,4,6,10}^*≡
u^{31}c_{4,6,10}^*≡2v_1^4z_{1,2,3,4,5,6,7,8,9,10}+24v_1v_2z_{1,2,3,4,5,6,7,8,9,10}+16v_1z_{3,4,5,6,7,8,9,10}+16v_1^3z_{2,3,4,5,6,7,8,9,10}+24v_1z_{1,2,4,5,6,7,8,9,10}
u^{32}c_{4,6,10}^*≡
u^{33}c_{4,6,10}^*≡
u^{34}c_{4,6,10}^*≡
u^{35}c_{4,6,10}^*≡
u^{30}c_{2,3,6,10}^*≡16v_2z_{2,3,4,5,6,7,8,9,10}+8v_1^4z_{1,2,3,4,5,6,7,8,9,10}+8v_1^3z_{2,3,4,5,6,7,8,9,10}
u^{31}c_{2,3,6,10}^*≡24v_1^3z_{1,2,3,4,5,6,7,8,9,10}+16v_2z_{1,2,3,4,5,6,7,8,9,10}
u^{32}c_{2,3,6,10}^*≡
u^{33}c_{2,3,6,10}^*≡
u^{34}c_{2,3,6,10}^*≡
u^{32}c_{3,6,10}^*≡
u^{33}c_{3,6,10}^*≡
u^{34}c_{3,6,10}^*≡
u^{35}c_{3,6,10}^*≡
u^{36}c_{3,6,10}^*≡
u^{33}c_{2,6,10}^*≡16v_1^4z_{1,2,3,4,5,6,7,8,9,10}
u^{34}c_{2,6,10}^*≡
u^{35}c_{2,6,10}^*≡
u^{36}c_{2,6,10}^*≡
u^{37}c_{2,6,10}^*≡
u^{35}c_{6,10}^*≡24v_1^4z_{1,2,3,4,5,6,7,8,9,10}
u^{36}c_{6,10}^*≡
u^{37}c_{6,10}^*≡
u^{38}c_{6,10}^*≡
u^{39}c_{6,10}^*≡
u^{27}c_{2,3,4,5,10}^*≡16v_1^2z_{1,3,4,5,6,7,8,9,10}+20v_1^4z_{1,2,3,4,5,6,7,8,9,10}
u^{28}c_{2,3,4,5,10}^*≡16v_1^2z_{2,3,4,5,6,7,8,9,10}
u^{29}c_{2,3,4,5,10}^*≡16v_1^2z_{1,2,3,4,5,6,7,8,9,10}
u^{30}c_{2,3,4,5,10}^*≡
u^{31}c_{2,3,4,5,10}^*≡
u^{29}c_{3,4,5,10}^*≡8v_1^4z_{1,2,3,4,5,6,7,8,9,10}+16v_1v_2z_{1,2,3,4,5,6,7,8,9,10}+8v_1^2z_{1,3,4,5,6,7,8,9,10}+16v_1^3z_{2,3,4,5,6,7,8,9,10}
u^{30}c_{3,4,5,10}^*≡24v_1^2z_{2,3,4,5,6,7,8,9,10}+16v_1^3z_{1,2,3,4,5,6,7,8,9,10}
u^{31}c_{3,4,5,10}^*≡8v_1^2z_{1,2,3,4,5,6,7,8,9,10}
u^{32}c_{3,4,5,10}^*≡
u^{33}c_{3,4,5,10}^*≡
u^{30}c_{2,4,5,10}^*≡12v_1^4z_{1,2,3,4,5,6,7,8,9,10}+16v_1v_2z_{1,2,3,4,5,6,7,8,9,10}+4v_1^3z_{2,3,4,5,6,7,8,9,10}
u^{31}c_{2,4,5,10}^*≡28v_1^3z_{1,2,3,4,5,6,7,8,9,10}
u^{32}c_{2,4,5,10}^*≡
u^{33}c_{2,4,5,10}^*≡
u^{34}c_{2,4,5,10}^*≡
u^{32}c_{4,5,10}^*≡
u^{33}c_{4,5,10}^*≡
u^{34}c_{4,5,10}^*≡
u^{35}c_{4,5,10}^*≡
u^{36}c_{4,5,10}^*≡
u^{31}c_{2,3,5,10}^*≡8v_1^4z_{1,2,3,4,5,6,7,8,9,10}+16v_1v_2z_{1,2,3,4,5,6,7,8,9,10}+16v_1z_{1,2,4,5,6,7,8,9,10}
u^{32}c_{2,3,5,10}^*≡
u^{33}c_{2,3,5,10}^*≡
u^{34}c_{2,3,5,10}^*≡
u^{35}c_{2,3,5,10}^*≡
u^{33}c_{3,5,10}^*≡16v_1^4z_{1,2,3,4,5,6,7,8,9,10}
u^{34}c_{3,5,10}^*≡
u^{35}c_{3,5,10}^*≡
u^{36}c_{3,5,10}^*≡
u^{37}c_{3,5,10}^*≡
u^{34}c_{2,5,10}^*≡16v_1^4z_{1,2,3,4,5,6,7,8,9,10}+16v_1^3z_{2,3,4,5,6,7,8,9,10}
u^{35}c_{2,5,10}^*≡16v_1^3z_{1,2,3,4,5,6,7,8,9,10}
u^{36}c_{2,5,10}^*≡
u^{37}c_{2,5,10}^*≡
u^{38}c_{2,5,10}^*≡
u^{36}c_{5,10}^*≡16v_1^3z_{2,3,4,5,6,7,8,9,10}
u^{37}c_{5,10}^*≡16v_1^3z_{1,2,3,4,5,6,7,8,9,10}
u^{38}c_{5,10}^*≡
u^{39}c_{5,10}^*≡
u^{40}c_{5,10}^*≡
u^{32}c_{2,3,4,10}^*≡
u^{33}c_{2,3,4,10}^*≡
u^{34}c_{2,3,4,10}^*≡
u^{35}c_{2,3,4,10}^*≡
u^{36}c_{2,3,4,10}^*≡
u^{34}c_{3,4,10}^*≡16v_1^4z_{1,2,3,4,5,6,7,8,9,10}+16v_1^3z_{2,3,4,5,6,7,8,9,10}
u^{35}c_{3,4,10}^*≡16v_1^3z_{1,2,3,4,5,6,7,8,9,10}
u^{36}c_{3,4,10}^*≡
u^{37}c_{3,4,10}^*≡
u^{38}c_{3,4,10}^*≡
u^{35}c_{2,4,10}^*≡
u^{36}c_{2,4,10}^*≡
u^{37}c_{2,4,10}^*≡
u^{38}c_{2,4,10}^*≡
u^{39}c_{2,4,10}^*≡
u^{37}c_{4,10}^*≡16v_1^2z_{1,3,4,5,6,7,8,9,10}+24v_1^4z_{1,2,3,4,5,6,7,8,9,10}+16v_1^3z_{2,3,4,5,6,7,8,9,10}
u^{38}c_{4,10}^*≡16v_1^2z_{2,3,4,5,6,7,8,9,10}+16v_1^3z_{1,2,3,4,5,6,7,8,9,10}
u^{39}c_{4,10}^*≡16v_1^2z_{1,2,3,4,5,6,7,8,9,10}
u^{40}c_{4,10}^*≡
u^{41}c_{4,10}^*≡
u^{36}c_{2,3,10}^*≡
u^{37}c_{2,3,10}^*≡
u^{38}c_{2,3,10}^*≡
u^{39}c_{2,3,10}^*≡
u^{40}c_{2,3,10}^*≡
u^{38}c_{3,10}^*≡
u^{39}c_{3,10}^*≡
u^{40}c_{3,10}^*≡
u^{41}c_{3,10}^*≡
u^{42}c_{3,10}^*≡
u^{39}c_{2,10}^*≡8v_1^4z_{1,2,3,4,5,6,7,8,9,10}
u^{40}c_{2,10}^*≡
u^{41}c_{2,10}^*≡
u^{42}c_{2,10}^*≡
u^{43}c_{2,10}^*≡
u^{41}c_{10}^*≡16v_1^2z_{1,3,4,5,6,7,8,9,10}+24v_1^4z_{1,2,3,4,5,6,7,8,9,10}+16v_1^3z_{2,3,4,5,6,7,8,9,10}
u^{42}c_{10}^*≡16v_1^2z_{2,3,4,5,6,7,8,9,10}+16v_1^3z_{1,2,3,4,5,6,7,8,9,10}
u^{43}c_{10}^*≡16v_1^2z_{1,2,3,4,5,6,7,8,9,10}
u^{44}c_{10}^*≡
u^{45}c_{10}^*≡
u^{7}c_{2,3,4,5,6,7,8,9}^*≡16v_1^4z_{1,2,3,4,5,6,7,8,9,10}
u^{8}c_{2,3,4,5,6,7,8,9}^*≡
u^{9}c_{2,3,4,5,6,7,8,9}^*≡
u^{10}c_{2,3,4,5,6,7,8,9}^*≡
u^{11}c_{2,3,4,5,6,7,8,9}^*≡
u^{9}c_{3,4,5,6,7,8,9}^*≡
u^{10}c_{3,4,5,6,7,8,9}^*≡
u^{11}c_{3,4,5,6,7,8,9}^*≡
u^{12}c_{3,4,5,6,7,8,9}^*≡
u^{13}c_{3,4,5,6,7,8,9}^*≡
u^{10}c_{2,4,5,6,7,8,9}^*≡16v_1^4z_{1,2,3,4,5,6,7,8,9,10}+16v_1^3z_{2,3,4,5,6,7,8,9,10}
u^{11}c_{2,4,5,6,7,8,9}^*≡16v_1^3z_{1,2,3,4,5,6,7,8,9,10}
u^{12}c_{2,4,5,6,7,8,9}^*≡
u^{13}c_{2,4,5,6,7,8,9}^*≡
u^{14}c_{2,4,5,6,7,8,9}^*≡
u^{12}c_{4,5,6,7,8,9}^*≡16v_1^4z_{1,2,3,4,5,6,7,8,9,10}+16v_1^3z_{2,3,4,5,6,7,8,9,10}
u^{13}c_{4,5,6,7,8,9}^*≡16v_1^3z_{1,2,3,4,5,6,7,8,9,10}
u^{14}c_{4,5,6,7,8,9}^*≡
u^{15}c_{4,5,6,7,8,9}^*≡
u^{16}c_{4,5,6,7,8,9}^*≡
u^{11}c_{2,3,5,6,7,8,9}^*≡24v_1^4z_{1,2,3,4,5,6,7,8,9,10}
u^{12}c_{2,3,5,6,7,8,9}^*≡
u^{13}c_{2,3,5,6,7,8,9}^*≡
u^{14}c_{2,3,5,6,7,8,9}^*≡
u^{15}c_{2,3,5,6,7,8,9}^*≡
u^{13}c_{3,5,6,7,8,9}^*≡16v_1^2z_{1,3,4,5,6,7,8,9,10}+8v_1^4z_{1,2,3,4,5,6,7,8,9,10}
u^{14}c_{3,5,6,7,8,9}^*≡16v_1^2z_{2,3,4,5,6,7,8,9,10}
u^{15}c_{3,5,6,7,8,9}^*≡16v_1^2z_{1,2,3,4,5,6,7,8,9,10}
u^{16}c_{3,5,6,7,8,9}^*≡
u^{17}c_{3,5,6,7,8,9}^*≡
u^{14}c_{2,5,6,7,8,9}^*≡24v_1^4z_{1,2,3,4,5,6,7,8,9,10}+8v_1^3z_{2,3,4,5,6,7,8,9,10}
u^{15}c_{2,5,6,7,8,9}^*≡24v_1^3z_{1,2,3,4,5,6,7,8,9,10}
u^{16}c_{2,5,6,7,8,9}^*≡
u^{17}c_{2,5,6,7,8,9}^*≡
u^{18}c_{2,5,6,7,8,9}^*≡
u^{16}c_{5,6,7,8,9}^*≡
u^{17}c_{5,6,7,8,9}^*≡
u^{18}c_{5,6,7,8,9}^*≡
u^{19}c_{5,6,7,8,9}^*≡
u^{20}c_{5,6,7,8,9}^*≡
u^{12}c_{2,3,4,6,7,8,9}^*≡16v_1^3z_{2,3,4,5,6,7,8,9,10}
u^{13}c_{2,3,4,6,7,8,9}^*≡16v_1^3z_{1,2,3,4,5,6,7,8,9,10}
u^{14}c_{2,3,4,6,7,8,9}^*≡
u^{15}c_{2,3,4,6,7,8,9}^*≡
u^{16}c_{2,3,4,6,7,8,9}^*≡
u^{14}c_{3,4,6,7,8,9}^*≡24v_1^3z_{2,3,4,5,6,7,8,9,10}
u^{15}c_{3,4,6,7,8,9}^*≡8v_1^3z_{1,2,3,4,5,6,7,8,9,10}
u^{16}c_{3,4,6,7,8,9}^*≡
u^{17}c_{3,4,6,7,8,9}^*≡
u^{18}c_{3,4,6,7,8,9}^*≡
u^{15}c_{2,4,6,7,8,9}^*≡12v_1^4z_{1,2,3,4,5,6,7,8,9,10}
u^{16}c_{2,4,6,7,8,9}^*≡
u^{17}c_{2,4,6,7,8,9}^*≡
u^{18}c_{2,4,6,7,8,9}^*≡
u^{19}c_{2,4,6,7,8,9}^*≡
u^{17}c_{4,6,7,8,9}^*≡16v_1^4z_{1,2,3,4,5,6,7,8,9,10}
u^{18}c_{4,6,7,8,9}^*≡
u^{19}c_{4,6,7,8,9}^*≡
u^{20}c_{4,6,7,8,9}^*≡
u^{21}c_{4,6,7,8,9}^*≡
u^{16}c_{2,3,6,7,8,9}^*≡
u^{17}c_{2,3,6,7,8,9}^*≡
u^{18}c_{2,3,6,7,8,9}^*≡
u^{19}c_{2,3,6,7,8,9}^*≡
u^{20}c_{2,3,6,7,8,9}^*≡
u^{18}c_{3,6,7,8,9}^*≡
u^{19}c_{3,6,7,8,9}^*≡
u^{20}c_{3,6,7,8,9}^*≡
u^{21}c_{3,6,7,8,9}^*≡
u^{22}c_{3,6,7,8,9}^*≡
u^{19}c_{2,6,7,8,9}^*≡8v_1^4z_{1,2,3,4,5,6,7,8,9,10}
u^{20}c_{2,6,7,8,9}^*≡
u^{21}c_{2,6,7,8,9}^*≡
u^{22}c_{2,6,7,8,9}^*≡
u^{23}c_{2,6,7,8,9}^*≡
u^{21}c_{6,7,8,9}^*≡16v_1^2z_{1,3,4,5,6,7,8,9,10}+8v_1^4z_{1,2,3,4,5,6,7,8,9,10}
u^{22}c_{6,7,8,9}^*≡16v_1^2z_{2,3,4,5,6,7,8,9,10}
u^{23}c_{6,7,8,9}^*≡16v_1^2z_{1,2,3,4,5,6,7,8,9,10}
u^{24}c_{6,7,8,9}^*≡
u^{25}c_{6,7,8,9}^*≡
u^{13}c_{2,3,4,5,7,8,9}^*≡8v_1^4z_{1,2,3,4,5,6,7,8,9,10}
u^{14}c_{2,3,4,5,7,8,9}^*≡
u^{15}c_{2,3,4,5,7,8,9}^*≡
u^{16}c_{2,3,4,5,7,8,9}^*≡
u^{17}c_{2,3,4,5,7,8,9}^*≡
u^{15}c_{3,4,5,7,8,9}^*≡20v_1^4z_{1,2,3,4,5,6,7,8,9,10}
u^{16}c_{3,4,5,7,8,9}^*≡
u^{17}c_{3,4,5,7,8,9}^*≡
u^{18}c_{3,4,5,7,8,9}^*≡
u^{19}c_{3,4,5,7,8,9}^*≡
u^{16}c_{2,4,5,7,8,9}^*≡
u^{17}c_{2,4,5,7,8,9}^*≡
u^{18}c_{2,4,5,7,8,9}^*≡
u^{19}c_{2,4,5,7,8,9}^*≡
u^{20}c_{2,4,5,7,8,9}^*≡
u^{18}c_{4,5,7,8,9}^*≡16v_1^4z_{1,2,3,4,5,6,7,8,9,10}
u^{19}c_{4,5,7,8,9}^*≡
u^{20}c_{4,5,7,8,9}^*≡
u^{21}c_{4,5,7,8,9}^*≡
u^{22}c_{4,5,7,8,9}^*≡
u^{17}c_{2,3,5,7,8,9}^*≡
u^{18}c_{2,3,5,7,8,9}^*≡
u^{19}c_{2,3,5,7,8,9}^*≡
u^{20}c_{2,3,5,7,8,9}^*≡
u^{21}c_{2,3,5,7,8,9}^*≡
u^{19}c_{3,5,7,8,9}^*≡24v_1^4z_{1,2,3,4,5,6,7,8,9,10}
u^{20}c_{3,5,7,8,9}^*≡
u^{21}c_{3,5,7,8,9}^*≡
u^{22}c_{3,5,7,8,9}^*≡
u^{23}c_{3,5,7,8,9}^*≡
u^{20}c_{2,5,7,8,9}^*≡16v_1^3z_{2,3,4,5,6,7,8,9,10}
u^{21}c_{2,5,7,8,9}^*≡16v_1^3z_{1,2,3,4,5,6,7,8,9,10}
u^{22}c_{2,5,7,8,9}^*≡
u^{23}c_{2,5,7,8,9}^*≡
u^{24}c_{2,5,7,8,9}^*≡
u^{22}c_{5,7,8,9}^*≡8v_1^4z_{1,2,3,4,5,6,7,8,9,10}+16v_1^3z_{2,3,4,5,6,7,8,9,10}
u^{23}c_{5,7,8,9}^*≡16v_1^3z_{1,2,3,4,5,6,7,8,9,10}
u^{24}c_{5,7,8,9}^*≡
u^{25}c_{5,7,8,9}^*≡
u^{26}c_{5,7,8,9}^*≡
u^{18}c_{2,3,4,7,8,9}^*≡16v_1^3z_{2,3,4,5,6,7,8,9,10}
u^{19}c_{2,3,4,7,8,9}^*≡16v_1^3z_{1,2,3,4,5,6,7,8,9,10}
u^{20}c_{2,3,4,7,8,9}^*≡
u^{21}c_{2,3,4,7,8,9}^*≡
u^{22}c_{2,3,4,7,8,9}^*≡
u^{20}c_{3,4,7,8,9}^*≡
u^{21}c_{3,4,7,8,9}^*≡
u^{22}c_{3,4,7,8,9}^*≡
u^{23}c_{3,4,7,8,9}^*≡
u^{24}c_{3,4,7,8,9}^*≡
u^{21}c_{2,4,7,8,9}^*≡16v_1^2z_{1,3,4,5,6,7,8,9,10}
u^{22}c_{2,4,7,8,9}^*≡16v_1^2z_{2,3,4,5,6,7,8,9,10}
u^{23}c_{2,4,7,8,9}^*≡16v_1^2z_{1,2,3,4,5,6,7,8,9,10}
u^{24}c_{2,4,7,8,9}^*≡
u^{25}c_{2,4,7,8,9}^*≡
u^{23}c_{4,7,8,9}^*≡28v_1^4z_{1,2,3,4,5,6,7,8,9,10}+16v_1z_{1,2,4,5,6,7,8,9,10}
u^{24}c_{4,7,8,9}^*≡
u^{25}c_{4,7,8,9}^*≡
u^{26}c_{4,7,8,9}^*≡
u^{27}c_{4,7,8,9}^*≡
u^{22}c_{2,3,7,8,9}^*≡
u^{23}c_{2,3,7,8,9}^*≡
u^{24}c_{2,3,7,8,9}^*≡
u^{25}c_{2,3,7,8,9}^*≡
u^{26}c_{2,3,7,8,9}^*≡
u^{24}c_{3,7,8,9}^*≡
u^{25}c_{3,7,8,9}^*≡
u^{26}c_{3,7,8,9}^*≡
u^{27}c_{3,7,8,9}^*≡
u^{28}c_{3,7,8,9}^*≡
u^{25}c_{2,7,8,9}^*≡16v_1^2z_{1,3,4,5,6,7,8,9,10}+16v_1^4z_{1,2,3,4,5,6,7,8,9,10}
u^{26}c_{2,7,8,9}^*≡16v_1^2z_{2,3,4,5,6,7,8,9,10}
u^{27}c_{2,7,8,9}^*≡16v_1^2z_{1,2,3,4,5,6,7,8,9,10}
u^{28}c_{2,7,8,9}^*≡
u^{29}c_{2,7,8,9}^*≡
u^{27}c_{7,8,9}^*≡20v_1^4z_{1,2,3,4,5,6,7,8,9,10}+16v_1z_{1,2,4,5,6,7,8,9,10}
u^{28}c_{7,8,9}^*≡
u^{29}c_{7,8,9}^*≡
u^{30}c_{7,8,9}^*≡
u^{31}c_{7,8,9}^*≡
u^{14}c_{2,3,4,5,6,8,9}^*≡16v_1^4z_{1,2,3,4,5,6,7,8,9,10}
u^{15}c_{2,3,4,5,6,8,9}^*≡
u^{16}c_{2,3,4,5,6,8,9}^*≡
u^{17}c_{2,3,4,5,6,8,9}^*≡
u^{18}c_{2,3,4,5,6,8,9}^*≡
u^{16}c_{3,4,5,6,8,9}^*≡
u^{17}c_{3,4,5,6,8,9}^*≡
u^{18}c_{3,4,5,6,8,9}^*≡
u^{19}c_{3,4,5,6,8,9}^*≡
u^{20}c_{3,4,5,6,8,9}^*≡
u^{17}c_{2,4,5,6,8,9}^*≡
u^{18}c_{2,4,5,6,8,9}^*≡
u^{19}c_{2,4,5,6,8,9}^*≡
u^{20}c_{2,4,5,6,8,9}^*≡
u^{21}c_{2,4,5,6,8,9}^*≡
u^{19}c_{4,5,6,8,9}^*≡16v_1^4z_{1,2,3,4,5,6,7,8,9,10}
u^{20}c_{4,5,6,8,9}^*≡
u^{21}c_{4,5,6,8,9}^*≡
u^{22}c_{4,5,6,8,9}^*≡
u^{23}c_{4,5,6,8,9}^*≡
u^{18}c_{2,3,5,6,8,9}^*≡16v_1^4z_{1,2,3,4,5,6,7,8,9,10}+16v_1^3z_{2,3,4,5,6,7,8,9,10}
u^{19}c_{2,3,5,6,8,9}^*≡16v_1^3z_{1,2,3,4,5,6,7,8,9,10}
u^{20}c_{2,3,5,6,8,9}^*≡
u^{21}c_{2,3,5,6,8,9}^*≡
u^{22}c_{2,3,5,6,8,9}^*≡
u^{20}c_{3,5,6,8,9}^*≡16v_1^4z_{1,2,3,4,5,6,7,8,9,10}+16v_1^3z_{2,3,4,5,6,7,8,9,10}
u^{21}c_{3,5,6,8,9}^*≡16v_1^3z_{1,2,3,4,5,6,7,8,9,10}
u^{22}c_{3,5,6,8,9}^*≡
u^{23}c_{3,5,6,8,9}^*≡
u^{24}c_{3,5,6,8,9}^*≡
u^{21}c_{2,5,6,8,9}^*≡16v_1^2z_{1,3,4,5,6,7,8,9,10}+16v_1^3z_{2,3,4,5,6,7,8,9,10}
u^{22}c_{2,5,6,8,9}^*≡16v_1^2z_{2,3,4,5,6,7,8,9,10}+16v_1^3z_{1,2,3,4,5,6,7,8,9,10}
u^{23}c_{2,5,6,8,9}^*≡16v_1^2z_{1,2,3,4,5,6,7,8,9,10}
u^{24}c_{2,5,6,8,9}^*≡
u^{25}c_{2,5,6,8,9}^*≡
u^{23}c_{5,6,8,9}^*≡8v_1^4z_{1,2,3,4,5,6,7,8,9,10}+16v_1z_{1,2,4,5,6,7,8,9,10}
u^{24}c_{5,6,8,9}^*≡
u^{25}c_{5,6,8,9}^*≡
u^{26}c_{5,6,8,9}^*≡
u^{27}c_{5,6,8,9}^*≡
u^{19}c_{2,3,4,6,8,9}^*≡8v_1^4z_{1,2,3,4,5,6,7,8,9,10}
u^{20}c_{2,3,4,6,8,9}^*≡
u^{21}c_{2,3,4,6,8,9}^*≡
u^{22}c_{2,3,4,6,8,9}^*≡
u^{23}c_{2,3,4,6,8,9}^*≡
u^{21}c_{3,4,6,8,9}^*≡16v_1^2z_{1,3,4,5,6,7,8,9,10}+24v_1^4z_{1,2,3,4,5,6,7,8,9,10}
u^{22}c_{3,4,6,8,9}^*≡16v_1^2z_{2,3,4,5,6,7,8,9,10}
u^{23}c_{3,4,6,8,9}^*≡16v_1^2z_{1,2,3,4,5,6,7,8,9,10}
u^{24}c_{3,4,6,8,9}^*≡
u^{25}c_{3,4,6,8,9}^*≡
u^{22}c_{2,4,6,8,9}^*≡24v_1^4z_{1,2,3,4,5,6,7,8,9,10}+8v_1^3z_{2,3,4,5,6,7,8,9,10}
u^{23}c_{2,4,6,8,9}^*≡24v_1^3z_{1,2,3,4,5,6,7,8,9,10}
u^{24}c_{2,4,6,8,9}^*≡
u^{25}c_{2,4,6,8,9}^*≡
u^{26}c_{2,4,6,8,9}^*≡
u^{24}c_{4,6,8,9}^*≡16v_1^4z_{1,2,3,4,5,6,7,8,9,10}+16v_1^3z_{2,3,4,5,6,7,8,9,10}
u^{25}c_{4,6,8,9}^*≡16v_1^3z_{1,2,3,4,5,6,7,8,9,10}
u^{26}c_{4,6,8,9}^*≡
u^{27}c_{4,6,8,9}^*≡
u^{28}c_{4,6,8,9}^*≡
u^{23}c_{2,3,6,8,9}^*≡16v_1v_2z_{1,2,3,4,5,6,7,8,9,10}
u^{24}c_{2,3,6,8,9}^*≡
u^{25}c_{2,3,6,8,9}^*≡
u^{26}c_{2,3,6,8,9}^*≡
u^{27}c_{2,3,6,8,9}^*≡
u^{25}c_{3,6,8,9}^*≡
u^{26}c_{3,6,8,9}^*≡
u^{27}c_{3,6,8,9}^*≡
u^{28}c_{3,6,8,9}^*≡
u^{29}c_{3,6,8,9}^*≡
u^{26}c_{2,6,8,9}^*≡8v_1^4z_{1,2,3,4,5,6,7,8,9,10}+24v_1^3z_{2,3,4,5,6,7,8,9,10}
u^{27}c_{2,6,8,9}^*≡8v_1^3z_{1,2,3,4,5,6,7,8,9,10}
u^{28}c_{2,6,8,9}^*≡
u^{29}c_{2,6,8,9}^*≡
u^{30}c_{2,6,8,9}^*≡
u^{28}c_{6,8,9}^*≡24v_1^4z_{1,2,3,4,5,6,7,8,9,10}+16v_1z_{3,4,5,6,7,8,9,10}+8v_1^3z_{2,3,4,5,6,7,8,9,10}
u^{29}c_{6,8,9}^*≡16v_1z_{1,3,4,5,6,7,8,9,10}+8v_1^3z_{1,2,3,4,5,6,7,8,9,10}
u^{30}c_{6,8,9}^*≡16v_1z_{2,3,4,5,6,7,8,9,10}
u^{31}c_{6,8,9}^*≡16v_1z_{1,2,3,4,5,6,7,8,9,10}
u^{32}c_{6,8,9}^*≡
u^{20}c_{2,3,4,5,8,9}^*≡16v_1^4z_{1,2,3,4,5,6,7,8,9,10}
u^{21}c_{2,3,4,5,8,9}^*≡
u^{22}c_{2,3,4,5,8,9}^*≡
u^{23}c_{2,3,4,5,8,9}^*≡
u^{24}c_{2,3,4,5,8,9}^*≡
u^{22}c_{3,4,5,8,9}^*≡24v_1^4z_{1,2,3,4,5,6,7,8,9,10}
u^{23}c_{3,4,5,8,9}^*≡
u^{24}c_{3,4,5,8,9}^*≡
u^{25}c_{3,4,5,8,9}^*≡
u^{26}c_{3,4,5,8,9}^*≡
u^{23}c_{2,4,5,8,9}^*≡16v_1v_2z_{1,2,3,4,5,6,7,8,9,10}
u^{24}c_{2,4,5,8,9}^*≡
u^{25}c_{2,4,5,8,9}^*≡
u^{26}c_{2,4,5,8,9}^*≡
u^{27}c_{2,4,5,8,9}^*≡
u^{25}c_{4,5,8,9}^*≡
u^{26}c_{4,5,8,9}^*≡
u^{27}c_{4,5,8,9}^*≡
u^{28}c_{4,5,8,9}^*≡
u^{29}c_{4,5,8,9}^*≡
u^{24}c_{2,3,5,8,9}^*≡16v_1^3z_{2,3,4,5,6,7,8,9,10}
u^{25}c_{2,3,5,8,9}^*≡16v_1^3z_{1,2,3,4,5,6,7,8,9,10}
u^{26}c_{2,3,5,8,9}^*≡
u^{27}c_{2,3,5,8,9}^*≡
u^{28}c_{2,3,5,8,9}^*≡
u^{26}c_{3,5,8,9}^*≡24v_1^4z_{1,2,3,4,5,6,7,8,9,10}
u^{27}c_{3,5,8,9}^*≡
u^{28}c_{3,5,8,9}^*≡
u^{29}c_{3,5,8,9}^*≡
u^{30}c_{3,5,8,9}^*≡
u^{27}c_{2,5,8,9}^*≡16v_1^4z_{1,2,3,4,5,6,7,8,9,10}+16v_1v_2z_{1,2,3,4,5,6,7,8,9,10}+16v_1^2z_{1,3,4,5,6,7,8,9,10}+16v_1^3z_{2,3,4,5,6,7,8,9,10}
u^{28}c_{2,5,8,9}^*≡16v_1^2z_{2,3,4,5,6,7,8,9,10}+16v_1^3z_{1,2,3,4,5,6,7,8,9,10}
u^{29}c_{2,5,8,9}^*≡16v_1^2z_{1,2,3,4,5,6,7,8,9,10}
u^{30}c_{2,5,8,9}^*≡
u^{31}c_{2,5,8,9}^*≡
u^{29}c_{5,8,9}^*≡8v_1^4z_{1,2,3,4,5,6,7,8,9,10}+16v_1^2z_{1,3,4,5,6,7,8,9,10}+16v_1z_{1,2,4,5,6,7,8,9,10}
u^{30}c_{5,8,9}^*≡16v_1^2z_{2,3,4,5,6,7,8,9,10}
u^{31}c_{5,8,9}^*≡16v_1^2z_{1,2,3,4,5,6,7,8,9,10}
u^{32}c_{5,8,9}^*≡
u^{33}c_{5,8,9}^*≡
u^{25}c_{2,3,4,8,9}^*≡24v_1^4z_{1,2,3,4,5,6,7,8,9,10}+16v_1^3z_{2,3,4,5,6,7,8,9,10}
u^{26}c_{2,3,4,8,9}^*≡16v_1^3z_{1,2,3,4,5,6,7,8,9,10}
u^{27}c_{2,3,4,8,9}^*≡
u^{28}c_{2,3,4,8,9}^*≡
u^{29}c_{2,3,4,8,9}^*≡
u^{27}c_{3,4,8,9}^*≡8v_1^4z_{1,2,3,4,5,6,7,8,9,10}+16v_1v_2z_{1,2,3,4,5,6,7,8,9,10}+16v_1^2z_{1,3,4,5,6,7,8,9,10}+16v_1^3z_{2,3,4,5,6,7,8,9,10}
u^{28}c_{3,4,8,9}^*≡16v_1^2z_{2,3,4,5,6,7,8,9,10}+16v_1^3z_{1,2,3,4,5,6,7,8,9,10}
u^{29}c_{3,4,8,9}^*≡16v_1^2z_{1,2,3,4,5,6,7,8,9,10}
u^{30}c_{3,4,8,9}^*≡
u^{31}c_{3,4,8,9}^*≡
u^{28}c_{2,4,8,9}^*≡16v_1^2z_{1,3,4,5,6,7,8,9,10}+16v_1^4z_{1,2,3,4,5,6,7,8,9,10}+24v_1^3z_{2,3,4,5,6,7,8,9,10}
u^{29}c_{2,4,8,9}^*≡16v_1^2z_{2,3,4,5,6,7,8,9,10}+8v_1^3z_{1,2,3,4,5,6,7,8,9,10}
u^{30}c_{2,4,8,9}^*≡16v_1^2z_{1,2,3,4,5,6,7,8,9,10}
u^{31}c_{2,4,8,9}^*≡
u^{32}c_{2,4,8,9}^*≡
u^{30}c_{4,8,9}^*≡20v_1^4z_{1,2,3,4,5,6,7,8,9,10}+16v_2z_{2,3,4,5,6,7,8,9,10}+16v_1v_2z_{1,2,3,4,5,6,7,8,9,10}+16v_1z_{1,2,4,5,6,7,8,9,10}
u^{31}c_{4,8,9}^*≡16v_2z_{1,2,3,4,5,6,7,8,9,10}
u^{32}c_{4,8,9}^*≡
u^{33}c_{4,8,9}^*≡
u^{34}c_{4,8,9}^*≡
u^{29}c_{2,3,8,9}^*≡16v_1^4z_{1,2,3,4,5,6,7,8,9,10}+16v_1v_2z_{1,2,3,4,5,6,7,8,9,10}+16v_1^3z_{2,3,4,5,6,7,8,9,10}
u^{30}c_{2,3,8,9}^*≡16v_1^3z_{1,2,3,4,5,6,7,8,9,10}
u^{31}c_{2,3,8,9}^*≡
u^{32}c_{2,3,8,9}^*≡
u^{33}c_{2,3,8,9}^*≡
u^{31}c_{3,8,9}^*≡28v_1^4z_{1,2,3,4,5,6,7,8,9,10}
u^{32}c_{3,8,9}^*≡
u^{33}c_{3,8,9}^*≡
u^{34}c_{3,8,9}^*≡
u^{35}c_{3,8,9}^*≡
u^{32}c_{2,8,9}^*≡
u^{33}c_{2,8,9}^*≡
u^{34}c_{2,8,9}^*≡
u^{35}c_{2,8,9}^*≡
u^{36}c_{2,8,9}^*≡
u^{34}c_{8,9}^*≡16v_1^4z_{1,2,3,4,5,6,7,8,9,10}
u^{35}c_{8,9}^*≡
u^{36}c_{8,9}^*≡
u^{37}c_{8,9}^*≡
u^{38}c_{8,9}^*≡
u^{15}c_{2,3,4,5,6,7,9}^*≡16v_1^4z_{1,2,3,4,5,6,7,8,9,10}
u^{16}c_{2,3,4,5,6,7,9}^*≡
u^{17}c_{2,3,4,5,6,7,9}^*≡
u^{18}c_{2,3,4,5,6,7,9}^*≡
u^{19}c_{2,3,4,5,6,7,9}^*≡
u^{17}c_{3,4,5,6,7,9}^*≡
u^{18}c_{3,4,5,6,7,9}^*≡
u^{19}c_{3,4,5,6,7,9}^*≡
u^{20}c_{3,4,5,6,7,9}^*≡
u^{21}c_{3,4,5,6,7,9}^*≡
u^{18}c_{2,4,5,6,7,9}^*≡
u^{19}c_{2,4,5,6,7,9}^*≡
u^{20}c_{2,4,5,6,7,9}^*≡
u^{21}c_{2,4,5,6,7,9}^*≡
u^{22}c_{2,4,5,6,7,9}^*≡
u^{20}c_{4,5,6,7,9}^*≡
u^{21}c_{4,5,6,7,9}^*≡
u^{22}c_{4,5,6,7,9}^*≡
u^{23}c_{4,5,6,7,9}^*≡
u^{24}c_{4,5,6,7,9}^*≡
u^{19}c_{2,3,5,6,7,9}^*≡
u^{20}c_{2,3,5,6,7,9}^*≡
u^{21}c_{2,3,5,6,7,9}^*≡
u^{22}c_{2,3,5,6,7,9}^*≡
u^{23}c_{2,3,5,6,7,9}^*≡
u^{21}c_{3,5,6,7,9}^*≡
u^{22}c_{3,5,6,7,9}^*≡
u^{23}c_{3,5,6,7,9}^*≡
u^{24}c_{3,5,6,7,9}^*≡
u^{25}c_{3,5,6,7,9}^*≡
u^{22}c_{2,5,6,7,9}^*≡
u^{23}c_{2,5,6,7,9}^*≡
u^{24}c_{2,5,6,7,9}^*≡
u^{25}c_{2,5,6,7,9}^*≡
u^{26}c_{2,5,6,7,9}^*≡
u^{24}c_{5,6,7,9}^*≡
u^{25}c_{5,6,7,9}^*≡
u^{26}c_{5,6,7,9}^*≡
u^{27}c_{5,6,7,9}^*≡
u^{28}c_{5,6,7,9}^*≡
u^{20}c_{2,3,4,6,7,9}^*≡
u^{21}c_{2,3,4,6,7,9}^*≡
u^{22}c_{2,3,4,6,7,9}^*≡
u^{23}c_{2,3,4,6,7,9}^*≡
u^{24}c_{2,3,4,6,7,9}^*≡
u^{22}c_{3,4,6,7,9}^*≡16v_1^4z_{1,2,3,4,5,6,7,8,9,10}
u^{23}c_{3,4,6,7,9}^*≡
u^{24}c_{3,4,6,7,9}^*≡
u^{25}c_{3,4,6,7,9}^*≡
u^{26}c_{3,4,6,7,9}^*≡
u^{23}c_{2,4,6,7,9}^*≡16v_1^4z_{1,2,3,4,5,6,7,8,9,10}
u^{24}c_{2,4,6,7,9}^*≡
u^{25}c_{2,4,6,7,9}^*≡
u^{26}c_{2,4,6,7,9}^*≡
u^{27}c_{2,4,6,7,9}^*≡
u^{25}c_{4,6,7,9}^*≡16v_1^4z_{1,2,3,4,5,6,7,8,9,10}
u^{26}c_{4,6,7,9}^*≡
u^{27}c_{4,6,7,9}^*≡
u^{28}c_{4,6,7,9}^*≡
u^{29}c_{4,6,7,9}^*≡
u^{24}c_{2,3,6,7,9}^*≡
u^{25}c_{2,3,6,7,9}^*≡
u^{26}c_{2,3,6,7,9}^*≡
u^{27}c_{2,3,6,7,9}^*≡
u^{28}c_{2,3,6,7,9}^*≡
u^{26}c_{3,6,7,9}^*≡
u^{27}c_{3,6,7,9}^*≡
u^{28}c_{3,6,7,9}^*≡
u^{29}c_{3,6,7,9}^*≡
u^{30}c_{3,6,7,9}^*≡
u^{27}c_{2,6,7,9}^*≡8v_1^4z_{1,2,3,4,5,6,7,8,9,10}
u^{28}c_{2,6,7,9}^*≡
u^{29}c_{2,6,7,9}^*≡
u^{30}c_{2,6,7,9}^*≡
u^{31}c_{2,6,7,9}^*≡
u^{29}c_{6,7,9}^*≡16v_1^4z_{1,2,3,4,5,6,7,8,9,10}+16v_1v_2z_{1,2,3,4,5,6,7,8,9,10}+16v_1^2z_{1,3,4,5,6,7,8,9,10}+16v_1^3z_{2,3,4,5,6,7,8,9,10}
u^{30}c_{6,7,9}^*≡16v_1^2z_{2,3,4,5,6,7,8,9,10}+16v_1^3z_{1,2,3,4,5,6,7,8,9,10}
u^{31}c_{6,7,9}^*≡16v_1^2z_{1,2,3,4,5,6,7,8,9,10}
u^{32}c_{6,7,9}^*≡
u^{33}c_{6,7,9}^*≡
u^{21}c_{2,3,4,5,7,9}^*≡24v_1^4z_{1,2,3,4,5,6,7,8,9,10}
u^{22}c_{2,3,4,5,7,9}^*≡
u^{23}c_{2,3,4,5,7,9}^*≡
u^{24}c_{2,3,4,5,7,9}^*≡
u^{25}c_{2,3,4,5,7,9}^*≡
u^{23}c_{3,4,5,7,9}^*≡12v_1^4z_{1,2,3,4,5,6,7,8,9,10}
u^{24}c_{3,4,5,7,9}^*≡
u^{25}c_{3,4,5,7,9}^*≡
u^{26}c_{3,4,5,7,9}^*≡
u^{27}c_{3,4,5,7,9}^*≡
u^{24}c_{2,4,5,7,9}^*≡16v_1^4z_{1,2,3,4,5,6,7,8,9,10}
u^{25}c_{2,4,5,7,9}^*≡
u^{26}c_{2,4,5,7,9}^*≡
u^{27}c_{2,4,5,7,9}^*≡
u^{28}c_{2,4,5,7,9}^*≡
u^{26}c_{4,5,7,9}^*≡24v_1^4z_{1,2,3,4,5,6,7,8,9,10}
u^{27}c_{4,5,7,9}^*≡
u^{28}c_{4,5,7,9}^*≡
u^{29}c_{4,5,7,9}^*≡
u^{30}c_{4,5,7,9}^*≡
u^{25}c_{2,3,5,7,9}^*≡16v_1^2z_{1,3,4,5,6,7,8,9,10}+24v_1^4z_{1,2,3,4,5,6,7,8,9,10}+16v_1^3z_{2,3,4,5,6,7,8,9,10}
u^{26}c_{2,3,5,7,9}^*≡16v_1^2z_{2,3,4,5,6,7,8,9,10}+16v_1^3z_{1,2,3,4,5,6,7,8,9,10}
u^{27}c_{2,3,5,7,9}^*≡16v_1^2z_{1,2,3,4,5,6,7,8,9,10}
u^{28}c_{2,3,5,7,9}^*≡
u^{29}c_{2,3,5,7,9}^*≡
u^{27}c_{3,5,7,9}^*≡20v_1^4z_{1,2,3,4,5,6,7,8,9,10}+16v_1v_2z_{1,2,3,4,5,6,7,8,9,10}+16v_1^2z_{1,3,4,5,6,7,8,9,10}+16v_1^3z_{2,3,4,5,6,7,8,9,10}+16v_1z_{1,2,4,5,6,7,8,9,10}
u^{28}c_{3,5,7,9}^*≡16v_1^2z_{2,3,4,5,6,7,8,9,10}+16v_1^3z_{1,2,3,4,5,6,7,8,9,10}
u^{29}c_{3,5,7,9}^*≡16v_1^2z_{1,2,3,4,5,6,7,8,9,10}
u^{30}c_{3,5,7,9}^*≡
u^{31}c_{3,5,7,9}^*≡
u^{28}c_{2,5,7,9}^*≡8v_1^4z_{1,2,3,4,5,6,7,8,9,10}+16v_1z_{3,4,5,6,7,8,9,10}+16v_1^2z_{1,3,4,5,6,7,8,9,10}
u^{29}c_{2,5,7,9}^*≡16v_1^2z_{2,3,4,5,6,7,8,9,10}+16v_1z_{1,3,4,5,6,7,8,9,10}+16v_1^3z_{1,2,3,4,5,6,7,8,9,10}
u^{30}c_{2,5,7,9}^*≡16v_1^2z_{1,2,3,4,5,6,7,8,9,10}+16v_1z_{2,3,4,5,6,7,8,9,10}
u^{31}c_{2,5,7,9}^*≡16v_1z_{1,2,3,4,5,6,7,8,9,10}
u^{32}c_{2,5,7,9}^*≡
u^{30}c_{5,7,9}^*≡20v_1^4z_{1,2,3,4,5,6,7,8,9,10}+16v_1v_2z_{1,2,3,4,5,6,7,8,9,10}+16z_{2,4,5,6,7,8,9,10}+16v_1^3z_{2,3,4,5,6,7,8,9,10}+16v_1z_{1,2,4,5,6,7,8,9,10}
u^{31}c_{5,7,9}^*≡16z_{1,2,4,5,6,7,8,9,10}+16v_1^3z_{1,2,3,4,5,6,7,8,9,10}+16v_2z_{1,2,3,4,5,6,7,8,9,10}
u^{32}c_{5,7,9}^*≡
u^{33}c_{5,7,9}^*≡
u^{34}c_{5,7,9}^*≡
u^{26}c_{2,3,4,7,9}^*≡24v_1^4z_{1,2,3,4,5,6,7,8,9,10}+8v_1^3z_{2,3,4,5,6,7,8,9,10}
u^{27}c_{2,3,4,7,9}^*≡24v_1^3z_{1,2,3,4,5,6,7,8,9,10}
u^{28}c_{2,3,4,7,9}^*≡
u^{29}c_{2,3,4,7,9}^*≡
u^{30}c_{2,3,4,7,9}^*≡
u^{28}c_{3,4,7,9}^*≡8v_1^4z_{1,2,3,4,5,6,7,8,9,10}+16v_1z_{3,4,5,6,7,8,9,10}+8v_1^3z_{2,3,4,5,6,7,8,9,10}
u^{29}c_{3,4,7,9}^*≡16v_1z_{1,3,4,5,6,7,8,9,10}+8v_1^3z_{1,2,3,4,5,6,7,8,9,10}
u^{30}c_{3,4,7,9}^*≡16v_1z_{2,3,4,5,6,7,8,9,10}
u^{31}c_{3,4,7,9}^*≡16v_1z_{1,2,3,4,5,6,7,8,9,10}
u^{32}c_{3,4,7,9}^*≡
u^{29}c_{2,4,7,9}^*≡4v_1^4z_{1,2,3,4,5,6,7,8,9,10}+16v_1v_2z_{1,2,3,4,5,6,7,8,9,10}+8v_1^2z_{1,3,4,5,6,7,8,9,10}+24v_1^3z_{2,3,4,5,6,7,8,9,10}+16v_1z_{1,2,4,5,6,7,8,9,10}
u^{30}c_{2,4,7,9}^*≡24v_1^2z_{2,3,4,5,6,7,8,9,10}+8v_1^3z_{1,2,3,4,5,6,7,8,9,10}
u^{31}c_{2,4,7,9}^*≡8v_1^2z_{1,2,3,4,5,6,7,8,9,10}
u^{32}c_{2,4,7,9}^*≡
u^{33}c_{2,4,7,9}^*≡
u^{31}c_{4,7,9}^*≡26v_1^4z_{1,2,3,4,5,6,7,8,9,10}+24v_1v_2z_{1,2,3,4,5,6,7,8,9,10}+16v_1z_{3,4,5,6,7,8,9,10}+16v_1^3z_{2,3,4,5,6,7,8,9,10}+24v_1z_{1,2,4,5,6,7,8,9,10}
u^{32}c_{4,7,9}^*≡
u^{33}c_{4,7,9}^*≡
u^{34}c_{4,7,9}^*≡
u^{35}c_{4,7,9}^*≡
u^{30}c_{2,3,7,9}^*≡16v_2z_{2,3,4,5,6,7,8,9,10}+8v_1^4z_{1,2,3,4,5,6,7,8,9,10}+24v_1^3z_{2,3,4,5,6,7,8,9,10}
u^{31}c_{2,3,7,9}^*≡8v_1^3z_{1,2,3,4,5,6,7,8,9,10}+16v_2z_{1,2,3,4,5,6,7,8,9,10}
u^{32}c_{2,3,7,9}^*≡
u^{33}c_{2,3,7,9}^*≡
u^{34}c_{2,3,7,9}^*≡
u^{32}c_{3,7,9}^*≡
u^{33}c_{3,7,9}^*≡
u^{34}c_{3,7,9}^*≡
u^{35}c_{3,7,9}^*≡
u^{36}c_{3,7,9}^*≡
u^{33}c_{2,7,9}^*≡16v_1^4z_{1,2,3,4,5,6,7,8,9,10}
u^{34}c_{2,7,9}^*≡
u^{35}c_{2,7,9}^*≡
u^{36}c_{2,7,9}^*≡
u^{37}c_{2,7,9}^*≡
u^{35}c_{7,9}^*≡24v_1^4z_{1,2,3,4,5,6,7,8,9,10}
u^{36}c_{7,9}^*≡
u^{37}c_{7,9}^*≡
u^{38}c_{7,9}^*≡
u^{39}c_{7,9}^*≡
u^{22}c_{2,3,4,5,6,9}^*≡16v_1^3z_{2,3,4,5,6,7,8,9,10}
u^{23}c_{2,3,4,5,6,9}^*≡16v_1^3z_{1,2,3,4,5,6,7,8,9,10}
u^{24}c_{2,3,4,5,6,9}^*≡
u^{25}c_{2,3,4,5,6,9}^*≡
u^{26}c_{2,3,4,5,6,9}^*≡
u^{24}c_{3,4,5,6,9}^*≡
u^{25}c_{3,4,5,6,9}^*≡
u^{26}c_{3,4,5,6,9}^*≡
u^{27}c_{3,4,5,6,9}^*≡
u^{28}c_{3,4,5,6,9}^*≡
u^{25}c_{2,4,5,6,9}^*≡16v_1^2z_{1,3,4,5,6,7,8,9,10}+16v_1^3z_{2,3,4,5,6,7,8,9,10}
u^{26}c_{2,4,5,6,9}^*≡16v_1^2z_{2,3,4,5,6,7,8,9,10}+16v_1^3z_{1,2,3,4,5,6,7,8,9,10}
u^{27}c_{2,4,5,6,9}^*≡16v_1^2z_{1,2,3,4,5,6,7,8,9,10}
u^{28}c_{2,4,5,6,9}^*≡
u^{29}c_{2,4,5,6,9}^*≡
u^{27}c_{4,5,6,9}^*≡16v_1v_2z_{1,2,3,4,5,6,7,8,9,10}+16v_1^2z_{1,3,4,5,6,7,8,9,10}+16v_1^3z_{2,3,4,5,6,7,8,9,10}+16v_1z_{1,2,4,5,6,7,8,9,10}
u^{28}c_{4,5,6,9}^*≡16v_1^2z_{2,3,4,5,6,7,8,9,10}+16v_1^3z_{1,2,3,4,5,6,7,8,9,10}
u^{29}c_{4,5,6,9}^*≡16v_1^2z_{1,2,3,4,5,6,7,8,9,10}
u^{30}c_{4,5,6,9}^*≡
u^{31}c_{4,5,6,9}^*≡
u^{26}c_{2,3,5,6,9}^*≡8v_1^4z_{1,2,3,4,5,6,7,8,9,10}+24v_1^3z_{2,3,4,5,6,7,8,9,10}
u^{27}c_{2,3,5,6,9}^*≡8v_1^3z_{1,2,3,4,5,6,7,8,9,10}
u^{28}c_{2,3,5,6,9}^*≡
u^{29}c_{2,3,5,6,9}^*≡
u^{30}c_{2,3,5,6,9}^*≡
u^{28}c_{3,5,6,9}^*≡8v_1^4z_{1,2,3,4,5,6,7,8,9,10}+16v_1z_{3,4,5,6,7,8,9,10}+24v_1^3z_{2,3,4,5,6,7,8,9,10}
u^{29}c_{3,5,6,9}^*≡16v_1z_{1,3,4,5,6,7,8,9,10}+24v_1^3z_{1,2,3,4,5,6,7,8,9,10}
u^{30}c_{3,5,6,9}^*≡16v_1z_{2,3,4,5,6,7,8,9,10}
u^{31}c_{3,5,6,9}^*≡16v_1z_{1,2,3,4,5,6,7,8,9,10}
u^{32}c_{3,5,6,9}^*≡
u^{29}c_{2,5,6,9}^*≡16v_1^4z_{1,2,3,4,5,6,7,8,9,10}+8v_1^2z_{1,3,4,5,6,7,8,9,10}+8v_1^3z_{2,3,4,5,6,7,8,9,10}+16v_1z_{1,2,4,5,6,7,8,9,10}
u^{30}c_{2,5,6,9}^*≡24v_1^2z_{2,3,4,5,6,7,8,9,10}+24v_1^3z_{1,2,3,4,5,6,7,8,9,10}
u^{31}c_{2,5,6,9}^*≡8v_1^2z_{1,2,3,4,5,6,7,8,9,10}
u^{32}c_{2,5,6,9}^*≡
u^{33}c_{2,5,6,9}^*≡
u^{31}c_{5,6,9}^*≡16v_1^4z_{1,2,3,4,5,6,7,8,9,10}+24v_1v_2z_{1,2,3,4,5,6,7,8,9,10}+16v_1z_{3,4,5,6,7,8,9,10}+16v_1^3z_{2,3,4,5,6,7,8,9,10}+24v_1z_{1,2,4,5,6,7,8,9,10}
u^{32}c_{5,6,9}^*≡
u^{33}c_{5,6,9}^*≡
u^{34}c_{5,6,9}^*≡
u^{35}c_{5,6,9}^*≡
u^{27}c_{2,3,4,6,9}^*≡16v_1^2z_{1,3,4,5,6,7,8,9,10}+20v_1^4z_{1,2,3,4,5,6,7,8,9,10}+16v_1v_2z_{1,2,3,4,5,6,7,8,9,10}
u^{28}c_{2,3,4,6,9}^*≡16v_1^2z_{2,3,4,5,6,7,8,9,10}
u^{29}c_{2,3,4,6,9}^*≡16v_1^2z_{1,2,3,4,5,6,7,8,9,10}
u^{30}c_{2,3,4,6,9}^*≡
u^{31}c_{2,3,4,6,9}^*≡
u^{29}c_{3,4,6,9}^*≡8v_1^2z_{1,3,4,5,6,7,8,9,10}+28v_1^4z_{1,2,3,4,5,6,7,8,9,10}
u^{30}c_{3,4,6,9}^*≡24v_1^2z_{2,3,4,5,6,7,8,9,10}
u^{31}c_{3,4,6,9}^*≡8v_1^2z_{1,2,3,4,5,6,7,8,9,10}
u^{32}c_{3,4,6,9}^*≡
u^{33}c_{3,4,6,9}^*≡
u^{30}c_{2,4,6,9}^*≡20v_1^4z_{1,2,3,4,5,6,7,8,9,10}+16v_1v_2z_{1,2,3,4,5,6,7,8,9,10}+4v_1^3z_{2,3,4,5,6,7,8,9,10}
u^{31}c_{2,4,6,9}^*≡28v_1^3z_{1,2,3,4,5,6,7,8,9,10}
u^{32}c_{2,4,6,9}^*≡
u^{33}c_{2,4,6,9}^*≡
u^{34}c_{2,4,6,9}^*≡
u^{32}c_{4,6,9}^*≡
u^{33}c_{4,6,9}^*≡
u^{34}c_{4,6,9}^*≡
u^{35}c_{4,6,9}^*≡
u^{36}c_{4,6,9}^*≡
u^{31}c_{2,3,6,9}^*≡20v_1^4z_{1,2,3,4,5,6,7,8,9,10}+24v_1v_2z_{1,2,3,4,5,6,7,8,9,10}
u^{32}c_{2,3,6,9}^*≡
u^{33}c_{2,3,6,9}^*≡
u^{34}c_{2,3,6,9}^*≡
u^{35}c_{2,3,6,9}^*≡
u^{33}c_{3,6,9}^*≡
u^{34}c_{3,6,9}^*≡
u^{35}c_{3,6,9}^*≡
u^{36}c_{3,6,9}^*≡
u^{37}c_{3,6,9}^*≡
u^{34}c_{2,6,9}^*≡16v_1^4z_{1,2,3,4,5,6,7,8,9,10}+16v_1^3z_{2,3,4,5,6,7,8,9,10}
u^{35}c_{2,6,9}^*≡16v_1^3z_{1,2,3,4,5,6,7,8,9,10}
u^{36}c_{2,6,9}^*≡
u^{37}c_{2,6,9}^*≡
u^{38}c_{2,6,9}^*≡
u^{36}c_{6,9}^*≡16v_1^4z_{1,2,3,4,5,6,7,8,9,10}+16v_1^3z_{2,3,4,5,6,7,8,9,10}
u^{37}c_{6,9}^*≡16v_1^3z_{1,2,3,4,5,6,7,8,9,10}
u^{38}c_{6,9}^*≡
u^{39}c_{6,9}^*≡
u^{40}c_{6,9}^*≡
u^{28}c_{2,3,4,5,9}^*≡8v_1^4z_{1,2,3,4,5,6,7,8,9,10}+16v_1^3z_{2,3,4,5,6,7,8,9,10}
u^{29}c_{2,3,4,5,9}^*≡16v_1^3z_{1,2,3,4,5,6,7,8,9,10}
u^{30}c_{2,3,4,5,9}^*≡
u^{31}c_{2,3,4,5,9}^*≡
u^{32}c_{2,3,4,5,9}^*≡
u^{30}c_{3,4,5,9}^*≡16v_2z_{2,3,4,5,6,7,8,9,10}+12v_1^4z_{1,2,3,4,5,6,7,8,9,10}+24v_1^3z_{2,3,4,5,6,7,8,9,10}
u^{31}c_{3,4,5,9}^*≡8v_1^3z_{1,2,3,4,5,6,7,8,9,10}+16v_2z_{1,2,3,4,5,6,7,8,9,10}
u^{32}c_{3,4,5,9}^*≡
u^{33}c_{3,4,5,9}^*≡
u^{34}c_{3,4,5,9}^*≡
u^{31}c_{2,4,5,9}^*≡12v_1^4z_{1,2,3,4,5,6,7,8,9,10}+8v_1v_2z_{1,2,3,4,5,6,7,8,9,10}
u^{32}c_{2,4,5,9}^*≡
u^{33}c_{2,4,5,9}^*≡
u^{34}c_{2,4,5,9}^*≡
u^{35}c_{2,4,5,9}^*≡
u^{33}c_{4,5,9}^*≡
u^{34}c_{4,5,9}^*≡
u^{35}c_{4,5,9}^*≡
u^{36}c_{4,5,9}^*≡
u^{37}c_{4,5,9}^*≡
u^{32}c_{2,3,5,9}^*≡
u^{33}c_{2,3,5,9}^*≡
u^{34}c_{2,3,5,9}^*≡
u^{35}c_{2,3,5,9}^*≡
u^{36}c_{2,3,5,9}^*≡
u^{34}c_{3,5,9}^*≡16v_1^4z_{1,2,3,4,5,6,7,8,9,10}
u^{35}c_{3,5,9}^*≡
u^{36}c_{3,5,9}^*≡
u^{37}c_{3,5,9}^*≡
u^{38}c_{3,5,9}^*≡
u^{35}c_{2,5,9}^*≡16v_1^4z_{1,2,3,4,5,6,7,8,9,10}
u^{36}c_{2,5,9}^*≡
u^{37}c_{2,5,9}^*≡
u^{38}c_{2,5,9}^*≡
u^{39}c_{2,5,9}^*≡
u^{37}c_{5,9}^*≡16v_1^4z_{1,2,3,4,5,6,7,8,9,10}
u^{38}c_{5,9}^*≡
u^{39}c_{5,9}^*≡
u^{40}c_{5,9}^*≡
u^{41}c_{5,9}^*≡
u^{33}c_{2,3,4,9}^*≡16v_1^4z_{1,2,3,4,5,6,7,8,9,10}
u^{34}c_{2,3,4,9}^*≡
u^{35}c_{2,3,4,9}^*≡
u^{36}c_{2,3,4,9}^*≡
u^{37}c_{2,3,4,9}^*≡
u^{35}c_{3,4,9}^*≡16v_1^4z_{1,2,3,4,5,6,7,8,9,10}
u^{36}c_{3,4,9}^*≡
u^{37}c_{3,4,9}^*≡
u^{38}c_{3,4,9}^*≡
u^{39}c_{3,4,9}^*≡
u^{36}c_{2,4,9}^*≡16v_1^3z_{2,3,4,5,6,7,8,9,10}
u^{37}c_{2,4,9}^*≡16v_1^3z_{1,2,3,4,5,6,7,8,9,10}
u^{38}c_{2,4,9}^*≡
u^{39}c_{2,4,9}^*≡
u^{40}c_{2,4,9}^*≡
u^{38}c_{4,9}^*≡24v_1^4z_{1,2,3,4,5,6,7,8,9,10}
u^{39}c_{4,9}^*≡
u^{40}c_{4,9}^*≡
u^{41}c_{4,9}^*≡
u^{42}c_{4,9}^*≡
u^{37}c_{2,3,9}^*≡16v_1^4z_{1,2,3,4,5,6,7,8,9,10}
u^{38}c_{2,3,9}^*≡
u^{39}c_{2,3,9}^*≡
u^{40}c_{2,3,9}^*≡
u^{41}c_{2,3,9}^*≡
u^{39}c_{3,9}^*≡24v_1^4z_{1,2,3,4,5,6,7,8,9,10}
u^{40}c_{3,9}^*≡
u^{41}c_{3,9}^*≡
u^{42}c_{3,9}^*≡
u^{43}c_{3,9}^*≡
u^{40}c_{2,9}^*≡16v_1^3z_{2,3,4,5,6,7,8,9,10}
u^{41}c_{2,9}^*≡16v_1^3z_{1,2,3,4,5,6,7,8,9,10}
u^{42}c_{2,9}^*≡
u^{43}c_{2,9}^*≡
u^{44}c_{2,9}^*≡
u^{42}c_{9}^*≡8v_1^4z_{1,2,3,4,5,6,7,8,9,10}
u^{43}c_{9}^*≡
u^{44}c_{9}^*≡
u^{45}c_{9}^*≡
u^{46}c_{9}^*≡
u^{16}c_{2,3,4,5,6,7,8}^*≡
u^{17}c_{2,3,4,5,6,7,8}^*≡
u^{18}c_{2,3,4,5,6,7,8}^*≡
u^{19}c_{2,3,4,5,6,7,8}^*≡
u^{20}c_{2,3,4,5,6,7,8}^*≡
u^{18}c_{3,4,5,6,7,8}^*≡
u^{19}c_{3,4,5,6,7,8}^*≡
u^{20}c_{3,4,5,6,7,8}^*≡
u^{21}c_{3,4,5,6,7,8}^*≡
u^{22}c_{3,4,5,6,7,8}^*≡
u^{19}c_{2,4,5,6,7,8}^*≡
u^{20}c_{2,4,5,6,7,8}^*≡
u^{21}c_{2,4,5,6,7,8}^*≡
u^{22}c_{2,4,5,6,7,8}^*≡
u^{23}c_{2,4,5,6,7,8}^*≡
u^{21}c_{4,5,6,7,8}^*≡
u^{22}c_{4,5,6,7,8}^*≡
u^{23}c_{4,5,6,7,8}^*≡
u^{24}c_{4,5,6,7,8}^*≡
u^{25}c_{4,5,6,7,8}^*≡
u^{20}c_{2,3,5,6,7,8}^*≡
u^{21}c_{2,3,5,6,7,8}^*≡
u^{22}c_{2,3,5,6,7,8}^*≡
u^{23}c_{2,3,5,6,7,8}^*≡
u^{24}c_{2,3,5,6,7,8}^*≡
u^{22}c_{3,5,6,7,8}^*≡16v_1^4z_{1,2,3,4,5,6,7,8,9,10}
u^{23}c_{3,5,6,7,8}^*≡
u^{24}c_{3,5,6,7,8}^*≡
u^{25}c_{3,5,6,7,8}^*≡
u^{26}c_{3,5,6,7,8}^*≡
u^{23}c_{2,5,6,7,8}^*≡16v_1^4z_{1,2,3,4,5,6,7,8,9,10}+16v_1v_2z_{1,2,3,4,5,6,7,8,9,10}
u^{24}c_{2,5,6,7,8}^*≡
u^{25}c_{2,5,6,7,8}^*≡
u^{26}c_{2,5,6,7,8}^*≡
u^{27}c_{2,5,6,7,8}^*≡
u^{25}c_{5,6,7,8}^*≡16v_1^4z_{1,2,3,4,5,6,7,8,9,10}
u^{26}c_{5,6,7,8}^*≡
u^{27}c_{5,6,7,8}^*≡
u^{28}c_{5,6,7,8}^*≡
u^{29}c_{5,6,7,8}^*≡
u^{21}c_{2,3,4,6,7,8}^*≡
u^{22}c_{2,3,4,6,7,8}^*≡
u^{23}c_{2,3,4,6,7,8}^*≡
u^{24}c_{2,3,4,6,7,8}^*≡
u^{25}c_{2,3,4,6,7,8}^*≡
u^{23}c_{3,4,6,7,8}^*≡16v_1^4z_{1,2,3,4,5,6,7,8,9,10}+16v_1v_2z_{1,2,3,4,5,6,7,8,9,10}
u^{24}c_{3,4,6,7,8}^*≡
u^{25}c_{3,4,6,7,8}^*≡
u^{26}c_{3,4,6,7,8}^*≡
u^{27}c_{3,4,6,7,8}^*≡
u^{24}c_{2,4,6,7,8}^*≡
u^{25}c_{2,4,6,7,8}^*≡
u^{26}c_{2,4,6,7,8}^*≡
u^{27}c_{2,4,6,7,8}^*≡
u^{28}c_{2,4,6,7,8}^*≡
u^{26}c_{4,6,7,8}^*≡16v_1^4z_{1,2,3,4,5,6,7,8,9,10}+16v_1^3z_{2,3,4,5,6,7,8,9,10}
u^{27}c_{4,6,7,8}^*≡16v_1^3z_{1,2,3,4,5,6,7,8,9,10}
u^{28}c_{4,6,7,8}^*≡
u^{29}c_{4,6,7,8}^*≡
u^{30}c_{4,6,7,8}^*≡
u^{25}c_{2,3,6,7,8}^*≡
u^{26}c_{2,3,6,7,8}^*≡
u^{27}c_{2,3,6,7,8}^*≡
u^{28}c_{2,3,6,7,8}^*≡
u^{29}c_{2,3,6,7,8}^*≡
u^{27}c_{3,6,7,8}^*≡8v_1^4z_{1,2,3,4,5,6,7,8,9,10}
u^{28}c_{3,6,7,8}^*≡
u^{29}c_{3,6,7,8}^*≡
u^{30}c_{3,6,7,8}^*≡
u^{31}c_{3,6,7,8}^*≡
u^{28}c_{2,6,7,8}^*≡16v_1^4z_{1,2,3,4,5,6,7,8,9,10}
u^{29}c_{2,6,7,8}^*≡
u^{30}c_{2,6,7,8}^*≡
u^{31}c_{2,6,7,8}^*≡
u^{32}c_{2,6,7,8}^*≡
u^{30}c_{6,7,8}^*≡16v_2z_{2,3,4,5,6,7,8,9,10}+8v_1^3z_{2,3,4,5,6,7,8,9,10}
u^{31}c_{6,7,8}^*≡24v_1^3z_{1,2,3,4,5,6,7,8,9,10}+16v_2z_{1,2,3,4,5,6,7,8,9,10}
u^{32}c_{6,7,8}^*≡
u^{33}c_{6,7,8}^*≡
u^{34}c_{6,7,8}^*≡
u^{22}c_{2,3,4,5,7,8}^*≡16v_1^3z_{2,3,4,5,6,7,8,9,10}
u^{23}c_{2,3,4,5,7,8}^*≡16v_1^3z_{1,2,3,4,5,6,7,8,9,10}
u^{24}c_{2,3,4,5,7,8}^*≡
u^{25}c_{2,3,4,5,7,8}^*≡
u^{26}c_{2,3,4,5,7,8}^*≡
u^{24}c_{3,4,5,7,8}^*≡
u^{25}c_{3,4,5,7,8}^*≡
u^{26}c_{3,4,5,7,8}^*≡
u^{27}c_{3,4,5,7,8}^*≡
u^{28}c_{3,4,5,7,8}^*≡
u^{25}c_{2,4,5,7,8}^*≡16v_1^2z_{1,3,4,5,6,7,8,9,10}+16v_1^3z_{2,3,4,5,6,7,8,9,10}
u^{26}c_{2,4,5,7,8}^*≡16v_1^2z_{2,3,4,5,6,7,8,9,10}+16v_1^3z_{1,2,3,4,5,6,7,8,9,10}
u^{27}c_{2,4,5,7,8}^*≡16v_1^2z_{1,2,3,4,5,6,7,8,9,10}
u^{28}c_{2,4,5,7,8}^*≡
u^{29}c_{2,4,5,7,8}^*≡
u^{27}c_{4,5,7,8}^*≡24v_1^4z_{1,2,3,4,5,6,7,8,9,10}+16v_1v_2z_{1,2,3,4,5,6,7,8,9,10}+16v_1^2z_{1,3,4,5,6,7,8,9,10}+16v_1^3z_{2,3,4,5,6,7,8,9,10}+16v_1z_{1,2,4,5,6,7,8,9,10}
u^{28}c_{4,5,7,8}^*≡16v_1^2z_{2,3,4,5,6,7,8,9,10}+16v_1^3z_{1,2,3,4,5,6,7,8,9,10}
u^{29}c_{4,5,7,8}^*≡16v_1^2z_{1,2,3,4,5,6,7,8,9,10}
u^{30}c_{4,5,7,8}^*≡
u^{31}c_{4,5,7,8}^*≡
u^{26}c_{2,3,5,7,8}^*≡8v_1^4z_{1,2,3,4,5,6,7,8,9,10}+24v_1^3z_{2,3,4,5,6,7,8,9,10}
u^{27}c_{2,3,5,7,8}^*≡8v_1^3z_{1,2,3,4,5,6,7,8,9,10}
u^{28}c_{2,3,5,7,8}^*≡
u^{29}c_{2,3,5,7,8}^*≡
u^{30}c_{2,3,5,7,8}^*≡
u^{28}c_{3,5,7,8}^*≡8v_1^4z_{1,2,3,4,5,6,7,8,9,10}+16v_1z_{3,4,5,6,7,8,9,10}+24v_1^3z_{2,3,4,5,6,7,8,9,10}
u^{29}c_{3,5,7,8}^*≡16v_1z_{1,3,4,5,6,7,8,9,10}+24v_1^3z_{1,2,3,4,5,6,7,8,9,10}
u^{30}c_{3,5,7,8}^*≡16v_1z_{2,3,4,5,6,7,8,9,10}
u^{31}c_{3,5,7,8}^*≡16v_1z_{1,2,3,4,5,6,7,8,9,10}
u^{32}c_{3,5,7,8}^*≡
u^{29}c_{2,5,7,8}^*≡8v_1^4z_{1,2,3,4,5,6,7,8,9,10}+8v_1^2z_{1,3,4,5,6,7,8,9,10}+8v_1^3z_{2,3,4,5,6,7,8,9,10}+16v_1z_{1,2,4,5,6,7,8,9,10}
u^{30}c_{2,5,7,8}^*≡24v_1^2z_{2,3,4,5,6,7,8,9,10}+24v_1^3z_{1,2,3,4,5,6,7,8,9,10}
u^{31}c_{2,5,7,8}^*≡8v_1^2z_{1,2,3,4,5,6,7,8,9,10}
u^{32}c_{2,5,7,8}^*≡
u^{33}c_{2,5,7,8}^*≡
u^{31}c_{5,7,8}^*≡12v_1^4z_{1,2,3,4,5,6,7,8,9,10}+8v_1v_2z_{1,2,3,4,5,6,7,8,9,10}+16v_1z_{3,4,5,6,7,8,9,10}+16v_1^3z_{2,3,4,5,6,7,8,9,10}+24v_1z_{1,2,4,5,6,7,8,9,10}
u^{32}c_{5,7,8}^*≡
u^{33}c_{5,7,8}^*≡
u^{34}c_{5,7,8}^*≡
u^{35}c_{5,7,8}^*≡
u^{27}c_{2,3,4,7,8}^*≡16v_1^2z_{1,3,4,5,6,7,8,9,10}+28v_1^4z_{1,2,3,4,5,6,7,8,9,10}+16v_1v_2z_{1,2,3,4,5,6,7,8,9,10}
u^{28}c_{2,3,4,7,8}^*≡16v_1^2z_{2,3,4,5,6,7,8,9,10}
u^{29}c_{2,3,4,7,8}^*≡16v_1^2z_{1,2,3,4,5,6,7,8,9,10}
u^{30}c_{2,3,4,7,8}^*≡
u^{31}c_{2,3,4,7,8}^*≡
u^{29}c_{3,4,7,8}^*≡24v_1^2z_{1,3,4,5,6,7,8,9,10}+20v_1^4z_{1,2,3,4,5,6,7,8,9,10}
u^{30}c_{3,4,7,8}^*≡8v_1^2z_{2,3,4,5,6,7,8,9,10}
u^{31}c_{3,4,7,8}^*≡24v_1^2z_{1,2,3,4,5,6,7,8,9,10}
u^{32}c_{3,4,7,8}^*≡
u^{33}c_{3,4,7,8}^*≡
u^{30}c_{2,4,7,8}^*≡28v_1^4z_{1,2,3,4,5,6,7,8,9,10}+16v_1v_2z_{1,2,3,4,5,6,7,8,9,10}+28v_1^3z_{2,3,4,5,6,7,8,9,10}
u^{31}c_{2,4,7,8}^*≡4v_1^3z_{1,2,3,4,5,6,7,8,9,10}
u^{32}c_{2,4,7,8}^*≡
u^{33}c_{2,4,7,8}^*≡
u^{34}c_{2,4,7,8}^*≡
u^{32}c_{4,7,8}^*≡
u^{33}c_{4,7,8}^*≡
u^{34}c_{4,7,8}^*≡
u^{35}c_{4,7,8}^*≡
u^{36}c_{4,7,8}^*≡
u^{31}c_{2,3,7,8}^*≡4v_1^4z_{1,2,3,4,5,6,7,8,9,10}+24v_1v_2z_{1,2,3,4,5,6,7,8,9,10}
u^{32}c_{2,3,7,8}^*≡
u^{33}c_{2,3,7,8}^*≡
u^{34}c_{2,3,7,8}^*≡
u^{35}c_{2,3,7,8}^*≡
u^{33}c_{3,7,8}^*≡
u^{34}c_{3,7,8}^*≡
u^{35}c_{3,7,8}^*≡
u^{36}c_{3,7,8}^*≡
u^{37}c_{3,7,8}^*≡
u^{34}c_{2,7,8}^*≡16v_1^4z_{1,2,3,4,5,6,7,8,9,10}+16v_1^3z_{2,3,4,5,6,7,8,9,10}
u^{35}c_{2,7,8}^*≡16v_1^3z_{1,2,3,4,5,6,7,8,9,10}
u^{36}c_{2,7,8}^*≡
u^{37}c_{2,7,8}^*≡
u^{38}c_{2,7,8}^*≡
u^{36}c_{7,8}^*≡16v_1^4z_{1,2,3,4,5,6,7,8,9,10}+16v_1^3z_{2,3,4,5,6,7,8,9,10}
u^{37}c_{7,8}^*≡16v_1^3z_{1,2,3,4,5,6,7,8,9,10}
u^{38}c_{7,8}^*≡
u^{39}c_{7,8}^*≡
u^{40}c_{7,8}^*≡
u^{23}c_{2,3,4,5,6,8}^*≡16v_1^4z_{1,2,3,4,5,6,7,8,9,10}
u^{24}c_{2,3,4,5,6,8}^*≡
u^{25}c_{2,3,4,5,6,8}^*≡
u^{26}c_{2,3,4,5,6,8}^*≡
u^{27}c_{2,3,4,5,6,8}^*≡
u^{25}c_{3,4,5,6,8}^*≡
u^{26}c_{3,4,5,6,8}^*≡
u^{27}c_{3,4,5,6,8}^*≡
u^{28}c_{3,4,5,6,8}^*≡
u^{29}c_{3,4,5,6,8}^*≡
u^{26}c_{2,4,5,6,8}^*≡16v_1^3z_{2,3,4,5,6,7,8,9,10}
u^{27}c_{2,4,5,6,8}^*≡16v_1^3z_{1,2,3,4,5,6,7,8,9,10}
u^{28}c_{2,4,5,6,8}^*≡
u^{29}c_{2,4,5,6,8}^*≡
u^{30}c_{2,4,5,6,8}^*≡
u^{28}c_{4,5,6,8}^*≡
u^{29}c_{4,5,6,8}^*≡
u^{30}c_{4,5,6,8}^*≡
u^{31}c_{4,5,6,8}^*≡
u^{32}c_{4,5,6,8}^*≡
u^{27}c_{2,3,5,6,8}^*≡
u^{28}c_{2,3,5,6,8}^*≡
u^{29}c_{2,3,5,6,8}^*≡
u^{30}c_{2,3,5,6,8}^*≡
u^{31}c_{2,3,5,6,8}^*≡
u^{29}c_{3,5,6,8}^*≡8v_1^4z_{1,2,3,4,5,6,7,8,9,10}
u^{30}c_{3,5,6,8}^*≡
u^{31}c_{3,5,6,8}^*≡
u^{32}c_{3,5,6,8}^*≡
u^{33}c_{3,5,6,8}^*≡
u^{30}c_{2,5,6,8}^*≡16v_1^4z_{1,2,3,4,5,6,7,8,9,10}+16v_1^3z_{2,3,4,5,6,7,8,9,10}
u^{31}c_{2,5,6,8}^*≡16v_1^3z_{1,2,3,4,5,6,7,8,9,10}
u^{32}c_{2,5,6,8}^*≡
u^{33}c_{2,5,6,8}^*≡
u^{34}c_{2,5,6,8}^*≡
u^{32}c_{5,6,8}^*≡
u^{33}c_{5,6,8}^*≡
u^{34}c_{5,6,8}^*≡
u^{35}c_{5,6,8}^*≡
u^{36}c_{5,6,8}^*≡
u^{28}c_{2,3,4,6,8}^*≡16v_1^4z_{1,2,3,4,5,6,7,8,9,10}+16v_1^3z_{2,3,4,5,6,7,8,9,10}
u^{29}c_{2,3,4,6,8}^*≡16v_1^3z_{1,2,3,4,5,6,7,8,9,10}
u^{30}c_{2,3,4,6,8}^*≡
u^{31}c_{2,3,4,6,8}^*≡
u^{32}c_{2,3,4,6,8}^*≡
u^{30}c_{3,4,6,8}^*≡24v_1^4z_{1,2,3,4,5,6,7,8,9,10}+24v_1^3z_{2,3,4,5,6,7,8,9,10}
u^{31}c_{3,4,6,8}^*≡8v_1^3z_{1,2,3,4,5,6,7,8,9,10}
u^{32}c_{3,4,6,8}^*≡
u^{33}c_{3,4,6,8}^*≡
u^{34}c_{3,4,6,8}^*≡
u^{31}c_{2,4,6,8}^*≡28v_1^4z_{1,2,3,4,5,6,7,8,9,10}+16v_1v_2z_{1,2,3,4,5,6,7,8,9,10}
u^{32}c_{2,4,6,8}^*≡
u^{33}c_{2,4,6,8}^*≡
u^{34}c_{2,4,6,8}^*≡
u^{35}c_{2,4,6,8}^*≡
u^{33}c_{4,6,8}^*≡
u^{34}c_{4,6,8}^*≡
u^{35}c_{4,6,8}^*≡
u^{36}c_{4,6,8}^*≡
u^{37}c_{4,6,8}^*≡
u^{32}c_{2,3,6,8}^*≡
u^{33}c_{2,3,6,8}^*≡
u^{34}c_{2,3,6,8}^*≡
u^{35}c_{2,3,6,8}^*≡
u^{36}c_{2,3,6,8}^*≡
u^{34}c_{3,6,8}^*≡
u^{35}c_{3,6,8}^*≡
u^{36}c_{3,6,8}^*≡
u^{37}c_{3,6,8}^*≡
u^{38}c_{3,6,8}^*≡
u^{35}c_{2,6,8}^*≡16v_1^4z_{1,2,3,4,5,6,7,8,9,10}
u^{36}c_{2,6,8}^*≡
u^{37}c_{2,6,8}^*≡
u^{38}c_{2,6,8}^*≡
u^{39}c_{2,6,8}^*≡
u^{37}c_{6,8}^*≡
u^{38}c_{6,8}^*≡
u^{39}c_{6,8}^*≡
u^{40}c_{6,8}^*≡
u^{41}c_{6,8}^*≡
u^{29}c_{2,3,4,5,8}^*≡4v_1^4z_{1,2,3,4,5,6,7,8,9,10}+16v_1v_2z_{1,2,3,4,5,6,7,8,9,10}+16v_1^3z_{2,3,4,5,6,7,8,9,10}
u^{30}c_{2,3,4,5,8}^*≡16v_1^3z_{1,2,3,4,5,6,7,8,9,10}
u^{31}c_{2,3,4,5,8}^*≡
u^{32}c_{2,3,4,5,8}^*≡
u^{33}c_{2,3,4,5,8}^*≡
u^{31}c_{3,4,5,8}^*≡2v_1^4z_{1,2,3,4,5,6,7,8,9,10}+8v_1v_2z_{1,2,3,4,5,6,7,8,9,10}
u^{32}c_{3,4,5,8}^*≡
u^{33}c_{3,4,5,8}^*≡
u^{34}c_{3,4,5,8}^*≡
u^{35}c_{3,4,5,8}^*≡
u^{32}c_{2,4,5,8}^*≡
u^{33}c_{2,4,5,8}^*≡
u^{34}c_{2,4,5,8}^*≡
u^{35}c_{2,4,5,8}^*≡
u^{36}c_{2,4,5,8}^*≡
u^{34}c_{4,5,8}^*≡16v_1^4z_{1,2,3,4,5,6,7,8,9,10}
u^{35}c_{4,5,8}^*≡
u^{36}c_{4,5,8}^*≡
u^{37}c_{4,5,8}^*≡
u^{38}c_{4,5,8}^*≡
u^{33}c_{2,3,5,8}^*≡16v_1^4z_{1,2,3,4,5,6,7,8,9,10}
u^{34}c_{2,3,5,8}^*≡
u^{35}c_{2,3,5,8}^*≡
u^{36}c_{2,3,5,8}^*≡
u^{37}c_{2,3,5,8}^*≡
u^{35}c_{3,5,8}^*≡8v_1^4z_{1,2,3,4,5,6,7,8,9,10}
u^{36}c_{3,5,8}^*≡
u^{37}c_{3,5,8}^*≡
u^{38}c_{3,5,8}^*≡
u^{39}c_{3,5,8}^*≡
u^{36}c_{2,5,8}^*≡16v_1^4z_{1,2,3,4,5,6,7,8,9,10}
u^{37}c_{2,5,8}^*≡
u^{38}c_{2,5,8}^*≡
u^{39}c_{2,5,8}^*≡
u^{40}c_{2,5,8}^*≡
u^{38}c_{5,8}^*≡24v_1^4z_{1,2,3,4,5,6,7,8,9,10}+16v_1^3z_{2,3,4,5,6,7,8,9,10}
u^{39}c_{5,8}^*≡16v_1^3z_{1,2,3,4,5,6,7,8,9,10}
u^{40}c_{5,8}^*≡
u^{41}c_{5,8}^*≡
u^{42}c_{5,8}^*≡
u^{34}c_{2,3,4,8}^*≡16v_1^4z_{1,2,3,4,5,6,7,8,9,10}+16v_1^3z_{2,3,4,5,6,7,8,9,10}
u^{35}c_{2,3,4,8}^*≡16v_1^3z_{1,2,3,4,5,6,7,8,9,10}
u^{36}c_{2,3,4,8}^*≡
u^{37}c_{2,3,4,8}^*≡
u^{38}c_{2,3,4,8}^*≡
u^{36}c_{3,4,8}^*≡16v_1^4z_{1,2,3,4,5,6,7,8,9,10}+16v_1^3z_{2,3,4,5,6,7,8,9,10}
u^{37}c_{3,4,8}^*≡16v_1^3z_{1,2,3,4,5,6,7,8,9,10}
u^{38}c_{3,4,8}^*≡
u^{39}c_{3,4,8}^*≡
u^{40}c_{3,4,8}^*≡
u^{37}c_{2,4,8}^*≡16v_1^2z_{1,3,4,5,6,7,8,9,10}+24v_1^4z_{1,2,3,4,5,6,7,8,9,10}+16v_1^3z_{2,3,4,5,6,7,8,9,10}
u^{38}c_{2,4,8}^*≡16v_1^2z_{2,3,4,5,6,7,8,9,10}+16v_1^3z_{1,2,3,4,5,6,7,8,9,10}
u^{39}c_{2,4,8}^*≡16v_1^2z_{1,2,3,4,5,6,7,8,9,10}
u^{40}c_{2,4,8}^*≡
u^{41}c_{2,4,8}^*≡
u^{39}c_{4,8}^*≡4v_1^4z_{1,2,3,4,5,6,7,8,9,10}+16v_1v_2z_{1,2,3,4,5,6,7,8,9,10}+16v_1z_{1,2,4,5,6,7,8,9,10}
u^{40}c_{4,8}^*≡
u^{41}c_{4,8}^*≡
u^{42}c_{4,8}^*≡
u^{43}c_{4,8}^*≡
u^{38}c_{2,3,8}^*≡
u^{39}c_{2,3,8}^*≡
u^{40}c_{2,3,8}^*≡
u^{41}c_{2,3,8}^*≡
u^{42}c_{2,3,8}^*≡
u^{40}c_{3,8}^*≡
u^{41}c_{3,8}^*≡
u^{42}c_{3,8}^*≡
u^{43}c_{3,8}^*≡
u^{44}c_{3,8}^*≡
u^{41}c_{2,8}^*≡16v_1^2z_{1,3,4,5,6,7,8,9,10}+24v_1^4z_{1,2,3,4,5,6,7,8,9,10}+16v_1^3z_{2,3,4,5,6,7,8,9,10}
u^{42}c_{2,8}^*≡16v_1^2z_{2,3,4,5,6,7,8,9,10}+16v_1^3z_{1,2,3,4,5,6,7,8,9,10}
u^{43}c_{2,8}^*≡16v_1^2z_{1,2,3,4,5,6,7,8,9,10}
u^{44}c_{2,8}^*≡
u^{45}c_{2,8}^*≡
u^{43}c_{8}^*≡4v_1^4z_{1,2,3,4,5,6,7,8,9,10}+16v_1v_2z_{1,2,3,4,5,6,7,8,9,10}+16v_1^2z_{1,3,4,5,6,7,8,9,10}+16v_1^3z_{2,3,4,5,6,7,8,9,10}+16v_1z_{1,2,4,5,6,7,8,9,10}
u^{44}c_{8}^*≡16v_1^2z_{2,3,4,5,6,7,8,9,10}+16v_1^3z_{1,2,3,4,5,6,7,8,9,10}
u^{45}c_{8}^*≡16v_1^2z_{1,2,3,4,5,6,7,8,9,10}
u^{46}c_{8}^*≡
u^{47}c_{8}^*≡
u^{24}c_{2,3,4,5,6,7}^*≡
u^{25}c_{2,3,4,5,6,7}^*≡
u^{26}c_{2,3,4,5,6,7}^*≡
u^{27}c_{2,3,4,5,6,7}^*≡
u^{28}c_{2,3,4,5,6,7}^*≡
u^{26}c_{3,4,5,6,7}^*≡
u^{27}c_{3,4,5,6,7}^*≡
u^{28}c_{3,4,5,6,7}^*≡
u^{29}c_{3,4,5,6,7}^*≡
u^{30}c_{3,4,5,6,7}^*≡
u^{27}c_{2,4,5,6,7}^*≡8v_1^4z_{1,2,3,4,5,6,7,8,9,10}+16v_1v_2z_{1,2,3,4,5,6,7,8,9,10}
u^{28}c_{2,4,5,6,7}^*≡
u^{29}c_{2,4,5,6,7}^*≡
u^{30}c_{2,4,5,6,7}^*≡
u^{31}c_{2,4,5,6,7}^*≡
u^{29}c_{4,5,6,7}^*≡16v_1^2z_{1,3,4,5,6,7,8,9,10}+16v_1v_2z_{1,2,3,4,5,6,7,8,9,10}
u^{30}c_{4,5,6,7}^*≡16v_1^2z_{2,3,4,5,6,7,8,9,10}
u^{31}c_{4,5,6,7}^*≡16v_1^2z_{1,2,3,4,5,6,7,8,9,10}
u^{32}c_{4,5,6,7}^*≡
u^{33}c_{4,5,6,7}^*≡
u^{28}c_{2,3,5,6,7}^*≡16v_1^4z_{1,2,3,4,5,6,7,8,9,10}+16v_1^3z_{2,3,4,5,6,7,8,9,10}
u^{29}c_{2,3,5,6,7}^*≡16v_1^3z_{1,2,3,4,5,6,7,8,9,10}
u^{30}c_{2,3,5,6,7}^*≡
u^{31}c_{2,3,5,6,7}^*≡
u^{32}c_{2,3,5,6,7}^*≡
u^{30}c_{3,5,6,7}^*≡16v_2z_{2,3,4,5,6,7,8,9,10}+24v_1^4z_{1,2,3,4,5,6,7,8,9,10}+8v_1^3z_{2,3,4,5,6,7,8,9,10}
u^{31}c_{3,5,6,7}^*≡24v_1^3z_{1,2,3,4,5,6,7,8,9,10}+16v_2z_{1,2,3,4,5,6,7,8,9,10}
u^{32}c_{3,5,6,7}^*≡
u^{33}c_{3,5,6,7}^*≡
u^{34}c_{3,5,6,7}^*≡
u^{31}c_{2,5,6,7}^*≡4v_1^4z_{1,2,3,4,5,6,7,8,9,10}+24v_1v_2z_{1,2,3,4,5,6,7,8,9,10}
u^{32}c_{2,5,6,7}^*≡
u^{33}c_{2,5,6,7}^*≡
u^{34}c_{2,5,6,7}^*≡
u^{35}c_{2,5,6,7}^*≡
u^{33}c_{5,6,7}^*≡
u^{34}c_{5,6,7}^*≡
u^{35}c_{5,6,7}^*≡
u^{36}c_{5,6,7}^*≡
u^{37}c_{5,6,7}^*≡
u^{29}c_{2,3,4,6,7}^*≡8v_1^4z_{1,2,3,4,5,6,7,8,9,10}+16v_1v_2z_{1,2,3,4,5,6,7,8,9,10}
u^{30}c_{2,3,4,6,7}^*≡
u^{31}c_{2,3,4,6,7}^*≡
u^{32}c_{2,3,4,6,7}^*≡
u^{33}c_{2,3,4,6,7}^*≡
u^{31}c_{3,4,6,7}^*≡28v_1^4z_{1,2,3,4,5,6,7,8,9,10}+24v_1v_2z_{1,2,3,4,5,6,7,8,9,10}
u^{32}c_{3,4,6,7}^*≡
u^{33}c_{3,4,6,7}^*≡
u^{34}c_{3,4,6,7}^*≡
u^{35}c_{3,4,6,7}^*≡
u^{32}c_{2,4,6,7}^*≡
u^{33}c_{2,4,6,7}^*≡
u^{34}c_{2,4,6,7}^*≡
u^{35}c_{2,4,6,7}^*≡
u^{36}c_{2,4,6,7}^*≡
u^{34}c_{4,6,7}^*≡
u^{35}c_{4,6,7}^*≡
u^{36}c_{4,6,7}^*≡
u^{37}c_{4,6,7}^*≡
u^{38}c_{4,6,7}^*≡
u^{33}c_{2,3,6,7}^*≡
u^{34}c_{2,3,6,7}^*≡
u^{35}c_{2,3,6,7}^*≡
u^{36}c_{2,3,6,7}^*≡
u^{37}c_{2,3,6,7}^*≡
u^{35}c_{3,6,7}^*≡
u^{36}c_{3,6,7}^*≡
u^{37}c_{3,6,7}^*≡
u^{38}c_{3,6,7}^*≡
u^{39}c_{3,6,7}^*≡
u^{36}c_{2,6,7}^*≡
u^{37}c_{2,6,7}^*≡
u^{38}c_{2,6,7}^*≡
u^{39}c_{2,6,7}^*≡
u^{40}c_{2,6,7}^*≡
u^{38}c_{6,7}^*≡16v_1^4z_{1,2,3,4,5,6,7,8,9,10}+16v_1^3z_{2,3,4,5,6,7,8,9,10}
u^{39}c_{6,7}^*≡16v_1^3z_{1,2,3,4,5,6,7,8,9,10}
u^{40}c_{6,7}^*≡
u^{41}c_{6,7}^*≡
u^{42}c_{6,7}^*≡
u^{30}c_{2,3,4,5,7}^*≡16v_1^3z_{2,3,4,5,6,7,8,9,10}
u^{31}c_{2,3,4,5,7}^*≡16v_1^3z_{1,2,3,4,5,6,7,8,9,10}
u^{32}c_{2,3,4,5,7}^*≡
u^{33}c_{2,3,4,5,7}^*≡
u^{34}c_{2,3,4,5,7}^*≡
u^{32}c_{3,4,5,7}^*≡
u^{33}c_{3,4,5,7}^*≡
u^{34}c_{3,4,5,7}^*≡
u^{35}c_{3,4,5,7}^*≡
u^{36}c_{3,4,5,7}^*≡
u^{33}c_{2,4,5,7}^*≡
u^{34}c_{2,4,5,7}^*≡
u^{35}c_{2,4,5,7}^*≡
u^{36}c_{2,4,5,7}^*≡
u^{37}c_{2,4,5,7}^*≡
u^{35}c_{4,5,7}^*≡16v_1^4z_{1,2,3,4,5,6,7,8,9,10}
u^{36}c_{4,5,7}^*≡
u^{37}c_{4,5,7}^*≡
u^{38}c_{4,5,7}^*≡
u^{39}c_{4,5,7}^*≡
u^{34}c_{2,3,5,7}^*≡
u^{35}c_{2,3,5,7}^*≡
u^{36}c_{2,3,5,7}^*≡
u^{37}c_{2,3,5,7}^*≡
u^{38}c_{2,3,5,7}^*≡
u^{36}c_{3,5,7}^*≡
u^{37}c_{3,5,7}^*≡
u^{38}c_{3,5,7}^*≡
u^{39}c_{3,5,7}^*≡
u^{40}c_{3,5,7}^*≡
u^{37}c_{2,5,7}^*≡
u^{38}c_{2,5,7}^*≡
u^{39}c_{2,5,7}^*≡
u^{40}c_{2,5,7}^*≡
u^{41}c_{2,5,7}^*≡
u^{39}c_{5,7}^*≡8v_1^4z_{1,2,3,4,5,6,7,8,9,10}
u^{40}c_{5,7}^*≡
u^{41}c_{5,7}^*≡
u^{42}c_{5,7}^*≡
u^{43}c_{5,7}^*≡
u^{35}c_{2,3,4,7}^*≡16v_1^4z_{1,2,3,4,5,6,7,8,9,10}
u^{36}c_{2,3,4,7}^*≡
u^{37}c_{2,3,4,7}^*≡
u^{38}c_{2,3,4,7}^*≡
u^{39}c_{2,3,4,7}^*≡
u^{37}c_{3,4,7}^*≡16v_1^4z_{1,2,3,4,5,6,7,8,9,10}
u^{38}c_{3,4,7}^*≡
u^{39}c_{3,4,7}^*≡
u^{40}c_{3,4,7}^*≡
u^{41}c_{3,4,7}^*≡
u^{38}c_{2,4,7}^*≡16v_1^4z_{1,2,3,4,5,6,7,8,9,10}+16v_1^3z_{2,3,4,5,6,7,8,9,10}
u^{39}c_{2,4,7}^*≡16v_1^3z_{1,2,3,4,5,6,7,8,9,10}
u^{40}c_{2,4,7}^*≡
u^{41}c_{2,4,7}^*≡
u^{42}c_{2,4,7}^*≡
u^{40}c_{4,7}^*≡
u^{41}c_{4,7}^*≡
u^{42}c_{4,7}^*≡
u^{43}c_{4,7}^*≡
u^{44}c_{4,7}^*≡
u^{39}c_{2,3,7}^*≡
u^{40}c_{2,3,7}^*≡
u^{41}c_{2,3,7}^*≡
u^{42}c_{2,3,7}^*≡
u^{43}c_{2,3,7}^*≡
u^{41}c_{3,7}^*≡
u^{42}c_{3,7}^*≡
u^{43}c_{3,7}^*≡
u^{44}c_{3,7}^*≡
u^{45}c_{3,7}^*≡
u^{42}c_{2,7}^*≡
u^{43}c_{2,7}^*≡
u^{44}c_{2,7}^*≡
u^{45}c_{2,7}^*≡
u^{46}c_{2,7}^*≡
u^{44}c_{7}^*≡
u^{45}c_{7}^*≡
u^{46}c_{7}^*≡
u^{47}c_{7}^*≡
u^{48}c_{7}^*≡
u^{31}c_{2,3,4,5,6}^*≡16v_1^4z_{1,2,3,4,5,6,7,8,9,10}+16v_1v_2z_{1,2,3,4,5,6,7,8,9,10}
u^{32}c_{2,3,4,5,6}^*≡
u^{33}c_{2,3,4,5,6}^*≡
u^{34}c_{2,3,4,5,6}^*≡
u^{35}c_{2,3,4,5,6}^*≡
u^{33}c_{3,4,5,6}^*≡
u^{34}c_{3,4,5,6}^*≡
u^{35}c_{3,4,5,6}^*≡
u^{36}c_{3,4,5,6}^*≡
u^{37}c_{3,4,5,6}^*≡
u^{34}c_{2,4,5,6}^*≡
u^{35}c_{2,4,5,6}^*≡
u^{36}c_{2,4,5,6}^*≡
u^{37}c_{2,4,5,6}^*≡
u^{38}c_{2,4,5,6}^*≡
u^{36}c_{4,5,6}^*≡
u^{37}c_{4,5,6}^*≡
u^{38}c_{4,5,6}^*≡
u^{39}c_{4,5,6}^*≡
u^{40}c_{4,5,6}^*≡
u^{35}c_{2,3,5,6}^*≡16v_1^4z_{1,2,3,4,5,6,7,8,9,10}
u^{36}c_{2,3,5,6}^*≡
u^{37}c_{2,3,5,6}^*≡
u^{38}c_{2,3,5,6}^*≡
u^{39}c_{2,3,5,6}^*≡
u^{37}c_{3,5,6}^*≡16v_1^4z_{1,2,3,4,5,6,7,8,9,10}
u^{38}c_{3,5,6}^*≡
u^{39}c_{3,5,6}^*≡
u^{40}c_{3,5,6}^*≡
u^{41}c_{3,5,6}^*≡
u^{38}c_{2,5,6}^*≡16v_1^4z_{1,2,3,4,5,6,7,8,9,10}+16v_1^3z_{2,3,4,5,6,7,8,9,10}
u^{39}c_{2,5,6}^*≡16v_1^3z_{1,2,3,4,5,6,7,8,9,10}
u^{40}c_{2,5,6}^*≡
u^{41}c_{2,5,6}^*≡
u^{42}c_{2,5,6}^*≡
u^{40}c_{5,6}^*≡
u^{41}c_{5,6}^*≡
u^{42}c_{5,6}^*≡
u^{43}c_{5,6}^*≡
u^{44}c_{5,6}^*≡
u^{36}c_{2,3,4,6}^*≡
u^{37}c_{2,3,4,6}^*≡
u^{38}c_{2,3,4,6}^*≡
u^{39}c_{2,3,4,6}^*≡
u^{40}c_{2,3,4,6}^*≡
u^{38}c_{3,4,6}^*≡
u^{39}c_{3,4,6}^*≡
u^{40}c_{3,4,6}^*≡
u^{41}c_{3,4,6}^*≡
u^{42}c_{3,4,6}^*≡
u^{39}c_{2,4,6}^*≡
u^{40}c_{2,4,6}^*≡
u^{41}c_{2,4,6}^*≡
u^{42}c_{2,4,6}^*≡
u^{43}c_{2,4,6}^*≡
u^{41}c_{4,6}^*≡
u^{42}c_{4,6}^*≡
u^{43}c_{4,6}^*≡
u^{44}c_{4,6}^*≡
u^{45}c_{4,6}^*≡
u^{40}c_{2,3,6}^*≡
u^{41}c_{2,3,6}^*≡
u^{42}c_{2,3,6}^*≡
u^{43}c_{2,3,6}^*≡
u^{44}c_{2,3,6}^*≡
u^{42}c_{3,6}^*≡
u^{43}c_{3,6}^*≡
u^{44}c_{3,6}^*≡
u^{45}c_{3,6}^*≡
u^{46}c_{3,6}^*≡
u^{43}c_{2,6}^*≡
u^{44}c_{2,6}^*≡
u^{45}c_{2,6}^*≡
u^{46}c_{2,6}^*≡
u^{47}c_{2,6}^*≡
u^{45}c_{6}^*≡16v_1^4z_{1,2,3,4,5,6,7,8,9,10}
u^{46}c_{6}^*≡
u^{47}c_{6}^*≡
u^{48}c_{6}^*≡
u^{49}c_{6}^*≡
u^{37}c_{2,3,4,5}^*≡8v_1^4z_{1,2,3,4,5,6,7,8,9,10}
u^{38}c_{2,3,4,5}^*≡
u^{39}c_{2,3,4,5}^*≡
u^{40}c_{2,3,4,5}^*≡
u^{41}c_{2,3,4,5}^*≡
u^{39}c_{3,4,5}^*≡20v_1^4z_{1,2,3,4,5,6,7,8,9,10}
u^{40}c_{3,4,5}^*≡
u^{41}c_{3,4,5}^*≡
u^{42}c_{3,4,5}^*≡
u^{43}c_{3,4,5}^*≡
u^{40}c_{2,4,5}^*≡16v_1^4z_{1,2,3,4,5,6,7,8,9,10}
u^{41}c_{2,4,5}^*≡
u^{42}c_{2,4,5}^*≡
u^{43}c_{2,4,5}^*≡
u^{44}c_{2,4,5}^*≡
u^{42}c_{4,5}^*≡8v_1^4z_{1,2,3,4,5,6,7,8,9,10}
u^{43}c_{4,5}^*≡
u^{44}c_{4,5}^*≡
u^{45}c_{4,5}^*≡
u^{46}c_{4,5}^*≡
u^{41}c_{2,3,5}^*≡16v_1^2z_{1,3,4,5,6,7,8,9,10}+8v_1^4z_{1,2,3,4,5,6,7,8,9,10}+16v_1^3z_{2,3,4,5,6,7,8,9,10}
u^{42}c_{2,3,5}^*≡16v_1^2z_{2,3,4,5,6,7,8,9,10}+16v_1^3z_{1,2,3,4,5,6,7,8,9,10}
u^{43}c_{2,3,5}^*≡16v_1^2z_{1,2,3,4,5,6,7,8,9,10}
u^{44}c_{2,3,5}^*≡
u^{45}c_{2,3,5}^*≡
u^{43}c_{3,5}^*≡4v_1^4z_{1,2,3,4,5,6,7,8,9,10}+16v_1v_2z_{1,2,3,4,5,6,7,8,9,10}+16v_1^2z_{1,3,4,5,6,7,8,9,10}+16v_1^3z_{2,3,4,5,6,7,8,9,10}+16v_1z_{1,2,4,5,6,7,8,9,10}
u^{44}c_{3,5}^*≡16v_1^2z_{2,3,4,5,6,7,8,9,10}+16v_1^3z_{1,2,3,4,5,6,7,8,9,10}
u^{45}c_{3,5}^*≡16v_1^2z_{1,2,3,4,5,6,7,8,9,10}
u^{46}c_{3,5}^*≡
u^{47}c_{3,5}^*≡
u^{44}c_{2,5}^*≡8v_1^4z_{1,2,3,4,5,6,7,8,9,10}+16v_1z_{3,4,5,6,7,8,9,10}+16v_1^2z_{1,3,4,5,6,7,8,9,10}+16v_1^3z_{2,3,4,5,6,7,8,9,10}
u^{45}c_{2,5}^*≡16v_1^2z_{2,3,4,5,6,7,8,9,10}+16v_1z_{1,3,4,5,6,7,8,9,10}
u^{46}c_{2,5}^*≡16v_1^2z_{1,2,3,4,5,6,7,8,9,10}+16v_1z_{2,3,4,5,6,7,8,9,10}
u^{47}c_{2,5}^*≡16v_1z_{1,2,3,4,5,6,7,8,9,10}
u^{48}c_{2,5}^*≡
u^{46}c_{5}^*≡12v_1^4z_{1,2,3,4,5,6,7,8,9,10}+16v_1v_2z_{1,2,3,4,5,6,7,8,9,10}+16z_{2,4,5,6,7,8,9,10}+16v_1^3z_{2,3,4,5,6,7,8,9,10}+16v_1z_{1,2,4,5,6,7,8,9,10}
u^{47}c_{5}^*≡16z_{1,2,4,5,6,7,8,9,10}+16v_1^3z_{1,2,3,4,5,6,7,8,9,10}+16v_2z_{1,2,3,4,5,6,7,8,9,10}
u^{48}c_{5}^*≡
u^{49}c_{5}^*≡
u^{50}c_{5}^*≡
u^{42}c_{2,3,4}^*≡24v_1^4z_{1,2,3,4,5,6,7,8,9,10}+8v_1^3z_{2,3,4,5,6,7,8,9,10}
u^{43}c_{2,3,4}^*≡24v_1^3z_{1,2,3,4,5,6,7,8,9,10}
u^{44}c_{2,3,4}^*≡
u^{45}c_{2,3,4}^*≡
u^{46}c_{2,3,4}^*≡
u^{44}c_{3,4}^*≡8v_1^4z_{1,2,3,4,5,6,7,8,9,10}+16v_1z_{3,4,5,6,7,8,9,10}+8v_1^3z_{2,3,4,5,6,7,8,9,10}
u^{45}c_{3,4}^*≡16v_1z_{1,3,4,5,6,7,8,9,10}+8v_1^3z_{1,2,3,4,5,6,7,8,9,10}
u^{46}c_{3,4}^*≡16v_1z_{2,3,4,5,6,7,8,9,10}
u^{47}c_{3,4}^*≡16v_1z_{1,2,3,4,5,6,7,8,9,10}
u^{48}c_{3,4}^*≡
u^{45}c_{2,4}^*≡20v_1^4z_{1,2,3,4,5,6,7,8,9,10}+16v_1v_2z_{1,2,3,4,5,6,7,8,9,10}+8v_1^2z_{1,3,4,5,6,7,8,9,10}+24v_1^3z_{2,3,4,5,6,7,8,9,10}+16v_1z_{1,2,4,5,6,7,8,9,10}
u^{46}c_{2,4}^*≡24v_1^2z_{2,3,4,5,6,7,8,9,10}+8v_1^3z_{1,2,3,4,5,6,7,8,9,10}
u^{47}c_{2,4}^*≡8v_1^2z_{1,2,3,4,5,6,7,8,9,10}
u^{48}c_{2,4}^*≡
u^{49}c_{2,4}^*≡
u^{47}c_{4}^*≡26v_1^4z_{1,2,3,4,5,6,7,8,9,10}+8v_1v_2z_{1,2,3,4,5,6,7,8,9,10}+16v_1z_{3,4,5,6,7,8,9,10}+16v_1^3z_{2,3,4,5,6,7,8,9,10}+24v_1z_{1,2,4,5,6,7,8,9,10}
u^{48}c_{4}^*≡
u^{49}c_{4}^*≡
u^{50}c_{4}^*≡
u^{51}c_{4}^*≡
u^{46}c_{2,3}^*≡16v_2z_{2,3,4,5,6,7,8,9,10}+8v_1^4z_{1,2,3,4,5,6,7,8,9,10}+8v_1^3z_{2,3,4,5,6,7,8,9,10}
u^{47}c_{2,3}^*≡24v_1^3z_{1,2,3,4,5,6,7,8,9,10}+16v_2z_{1,2,3,4,5,6,7,8,9,10}
u^{48}c_{2,3}^*≡
u^{49}c_{2,3}^*≡
u^{50}c_{2,3}^*≡
u^{48}c_{3}^*≡
u^{49}c_{3}^*≡
u^{50}c_{3}^*≡
u^{51}c_{3}^*≡
u^{52}c_{3}^*≡
u^{49}c_{2}^*≡16v_1^2z_{1,3,4,5,6,7,8,9,10}+24v_1^4z_{1,2,3,4,5,6,7,8,9,10}+16v_1^3z_{2,3,4,5,6,7,8,9,10}
u^{50}c_{2}^*≡16v_1^2z_{2,3,4,5,6,7,8,9,10}+16v_1^3z_{1,2,3,4,5,6,7,8,9,10}
u^{51}c_{2}^*≡16v_1^2z_{1,2,3,4,5,6,7,8,9,10}
u^{52}c_{2}^*≡
u^{53}c_{2}^*≡
u^{51}c_{}^*≡4v_1^4z_{1,2,3,4,5,6,7,8,9,10}+16v_1v_2z_{1,2,3,4,5,6,7,8,9,10}+16v_1^2z_{1,3,4,5,6,7,8,9,10}+16v_1^3z_{2,3,4,5,6,7,8,9,10}+16v_1z_{1,2,4,5,6,7,8,9,10}
u^{52}c_{}^*≡16v_1^2z_{2,3,4,5,6,7,8,9,10}+16v_1^3z_{1,2,3,4,5,6,7,8,9,10}
u^{53}c_{}^*≡16v_1^2z_{1,2,3,4,5,6,7,8,9,10}
u^{54}c_{}^*≡
u^{55}c_{}^*≡
